VALUE,MEDIAN,DIFF
146,146,0
199,186,13
215,186,29
203,187,16
188,188,0
186,188,-2
195,188,7
200,188,12
195,188,7
187,188,-1
186,188,-2
191,187,4
193,186,7
190,186,4
183,186,-3
182,184,-2
184,183,1
186,183,3
183,182,1
178,180,-2
176,179,-3
179,178,1
180,177,3
177,176,1
173,174,-1
171,173,-2
173,173,0
174,171,3
171,171,0
168,168,0
166,168,-2
168,168,0
168,166,2
166,166,0
162,162,0
161,162,-1
162,162,0
162,161,1
161,161,0
158,160,-2
158,159,-1
159,158,1
160,158,2
158,158,0
155,155,0
154,155,-1
155,155,0
155,154,1
154,154,0
152,152,0
151,152,-1
152,152,0
152,151,1
151,151,0
148,149,-1
148,148,0
148,148,0
149,148,1
148,148,0
146,146,0
145,145,0
145,145,0
145,145,0
144,144,0
142,143,-1
142,142,0
142,142,0
143,142,1
141,141,0
139,139,0
138,139,-1
139,139,0
139,138,1
138,138,0
136,136,0
135,135,0
135,135,0
135,135,0
134,134,0
133,134,-1
132,133,-1
133,133,0
134,133,1
133,133,0
132,133,-1
131,133,-2
132,133,-1
133,133,0
133,133,0
132,133,-1
132,133,-1
133,132,1
134,132,2
133,132,1
132,132,0
131,132,-1
132,132,0
133,132,1
133,132,1
132,132,0
132,132,0
132,132,0
132,132,0
132,132,0
131,132,-1
131,132,-1
132,132,0
133,132,1
132,132,0
132,132,0
131,132,-1
132,132,0
132,132,0
132,132,0
131,132,-1
131,132,-1
132,132,0
132,132,0
132,132,0
131,132,-1
131,132,-1
132,132,0
132,132,0
132,132,0
131,132,-1
131,132,-1
132,131,1
132,131,1
132,131,1
131,131,0
130,131,-1
131,131,0
132,131,1
131,131,0
131,131,0
131,131,0
131,131,0
132,131,1
131,131,0
131,131,0
131,131,0
132,131,1
132,131,1
132,131,1
131,131,0
131,132,-1
131,132,-1
132,132,0
132,132,0
131,132,-1
131,132,-1
132,132,0
132,132,0
132,132,0
132,132,0
131,132,-1
132,132,0
132,132,0
132,132,0
131,132,-1
131,132,-1
132,132,0
132,132,0
132,132,0
131,132,-1
131,132,-1
131,132,-1
132,132,0
132,132,0
131,132,-1
131,132,-1
132,131,1
132,131,1
132,131,1
131,131,0
131,131,0
132,131,1
132,131,1
131,131,0
131,131,0
131,131,0
131,131,0
132,131,1
132,131,1
131,131,0
131,131,0
132,131,1
131,131,0
131,131,0
130,131,-1
130,131,-1
131,131,0
132,131,1
131,131,0
131,131,0
131,131,0
131,131,0
131,131,0
131,131,0
131,131,0
131,131,0
132,131,1
132,131,1
132,131,1
131,131,0
131,131,0
131,131,0
132,131,1
132,131,1
131,132,-1
131,132,-1
132,131,1
132,131,1
131,131,0
131,131,0
131,131,0
132,131,1
132,131,1
132,131,1
131,131,0
131,131,0
131,131,0
132,131,1
131,131,0
131,131,0
131,131,0
131,131,0
132,131,1
131,131,0
131,131,0
131,131,0
131,131,0
131,131,0
131,131,0
130,131,-1
130,131,-1
131,131,0
131,131,0
131,131,0
130,131,-1
130,131,-1
131,131,0
131,131,0
131,131,0
131,131,0
130,131,-1
131,131,0
131,131,0
131,131,0
131,131,0
130,131,-1
131,131,0
131,131,0
131,131,0
130,131,-1
130,131,-1
131,131,0
131,131,0
131,130,1
130,130,0
130,130,0
130,130,0
131,130,1
131,130,1
130,130,0
130,130,0
130,130,0
130,130,0
130,130,0
130,130,0
130,130,0
130,130,0
130,130,0
130,130,0
130,130,0
130,130,0
130,130,0
131,130,1
131,130,1
130,130,0
129,130,-1
130,130,0
130,130,0
130,130,0
130,130,0
130,130,0
130,130,0
130,130,0
130,130,0
129,130,-1
129,130,-1
129,130,-1
130,130,0
129,130,-1
129,130,-1
129,130,-1
130,130,0
130,130,0
130,130,0
129,130,-1
129,130,-1
129,130,-1
130,130,0
131,130,1
131,130,1
131,130,1
130,130,0
130,130,0
130,130,0
130,130,0
130,130,0
130,130,0
130,130,0
130,130,0
130,130,0
130,130,0
130,130,0
130,130,0
130,130,0
130,130,0
130,130,0
130,130,0
130,130,0
130,130,0
130,130,0
130,130,0
131,130,1
131,130,1
131,130,1
130,131,-1
130,131,-1
130,131,-1
131,131,0
131,131,0
131,131,0
131,131,0
131,131,0
131,131,0
131,131,0
131,131,0
131,131,0
131,131,0
131,131,0
131,131,0
131,131,0
131,131,0
131,131,0
131,131,0
131,131,0
131,131,0
131,131,0
131,131,0
131,131,0
131,131,0
131,131,0
131,131,0
131,131,0
131,131,0
131,131,0
131,131,0
131,131,0
131,131,0
132,131,1
131,131,0
131,131,0
131,131,0
131,131,0
131,131,0
132,131,1
132,131,1
131,131,0
131,131,0
131,131,0
131,131,0
131,131,0
131,131,0
132,131,1
132,131,1
132,131,1
132,131,1
131,131,0
131,131,0
131,131,0
131,131,0
131,131,0
131,131,0
131,131,0
131,131,0
131,131,0
131,131,0
131,131,0
131,131,0
131,131,0
131,131,0
131,131,0
131,131,0
131,131,0
131,131,0
131,131,0
131,131,0
131,131,0
131,131,0
131,131,0
131,131,0
131,131,0
131,131,0
131,131,0
131,131,0
131,131,0
131,131,0
131,131,0
131,131,0
131,131,0
131,131,0
131,131,0
131,131,0
131,131,0
131,131,0
131,131,0
131,131,0
131,131,0
131,131,0
131,131,0
131,131,0
130,131,-1
131,131,0
131,131,0
131,131,0
131,131,0
131,131,0
130,131,-1
131,131,0
131,131,0
131,131,0
130,131,-1
131,131,0
131,131,0
131,131,0
131,131,0
130,130,0
130,130,0
130,130,0
131,130,1
131,130,1
130,130,0
130,130,0
130,130,0
130,130,0
130,130,0
130,130,0
130,130,0
130,130,0
130,130,0
130,130,0
130,130,0
130,130,0
130,130,0
130,130,0
130,130,0
130,130,0
130,130,0
130,130,0
130,130,0
130,130,0
130,130,0
130,130,0
130,130,0
131,130,1
130,130,0
130,130,0
130,130,0
130,130,0
130,130,0
130,130,0
130,130,0
130,130,0
130,130,0
130,130,0
130,130,0
130,130,0
130,130,0
130,130,0
130,130,0
130,130,0
130,130,0
130,130,0
131,130,1
130,130,0
130,130,0
130,130,0
130,130,0
130,130,0
130,130,0
130,130,0
130,130,0
131,130,1
130,130,0
130,130,0
129,130,-1
129,130,-1
130,130,0
130,130,0
131,130,1
130,130,0
130,130,0
130,130,0
130,130,0
130,130,0
130,130,0
130,130,0
130,130,0
130,130,0
130,130,0
130,130,0
130,130,0
130,130,0
130,130,0
130,130,0
130,130,0
130,130,0
130,130,0
130,130,0
130,130,0
130,130,0
130,130,0
130,130,0
130,130,0
131,130,1
130,130,0
130,130,0
130,130,0
130,130,0
130,130,0
130,130,0
130,130,0
131,130,1
131,131,0
131,131,0
130,131,-1
130,131,-1
131,131,0
131,131,0
131,131,0
131,131,0
131,131,0
131,131,0
131,131,0
131,131,0
130,131,-1
130,131,-1
131,131,0
131,131,0
131,131,0
130,131,-1
130,131,-1
130,131,-1
131,131,0
131,131,0
131,131,0
131,131,0
131,131,0
131,131,0
131,131,0
131,131,0
130,131,-1
130,131,-1
131,131,0
131,131,0
131,131,0
131,131,0
131,131,0
131,131,0
131,131,0
131,131,0
130,131,-1
130,131,-1
131,131,0
131,131,0
131,131,0
130,131,-1
130,131,-1
131,131,0
131,131,0
131,131,0
131,131,0
131,131,0
131,131,0
131,131,0
131,131,0
131,131,0
131,131,0
131,131,0
131,131,0
131,131,0
131,131,0
131,131,0
132,131,1
132,131,1
131,131,0
131,131,0
130,131,-1
131,131,0
131,131,0
131,131,0
131,131,0
131,131,0
131,131,0
130,131,-1
130,131,-1
131,131,0
131,131,0
131,131,0
131,131,0
131,131,0
130,131,-1
130,131,-1
130,131,-1
130,131,-1
130,131,-1
131,131,0
131,131,0
132,131,1
131,131,0
131,131,0
130,131,-1
130,131,-1
131,131,0
131,131,0
131,131,0
131,131,0
131,131,0
131,131,0
131,131,0
131,131,0
131,131,0
131,131,0
131,131,0
131,131,0
131,131,0
131,131,0
131,131,0
131,131,0
131,131,0
131,131,0
131,131,0
131,131,0
131,131,0
131,131,0
131,131,0
130,131,-1
130,131,-1
131,131,0
131,131,0
132,131,1
132,131,1
132,131,1
131,131,0
131,131,0
131,131,0
131,131,0
131,131,0
131,131,0
131,131,0
131,131,0
131,131,0
132,131,1
132,131,1
131,131,0
131,131,0
131,131,0
131,131,0
131,131,0
131,131,0
131,131,0
131,131,0
132,131,1
132,131,1
132,131,1
132,131,1
131,131,0
132,131,1
132,131,1
132,132,0
131,132,-1
131,132,-1
131,132,-1
132,131,1
132,131,1
131,131,0
131,131,0
131,131,0
132,131,1
132,131,1
131,131,0
131,131,0
131,131,0
132,131,1
132,131,1
131,131,0
131,132,-1
131,132,-1
131,132,-1
131,132,-1
132,132,0
132,132,0
132,132,0
132,132,0
132,132,0
132,132,0
132,132,0
132,132,0
132,132,0
132,132,0
132,132,0
132,132,0
132,132,0
132,132,0
132,132,0
132,132,0
132,132,0
132,132,0
132,132,0
132,132,0
132,132,0
132,132,0
132,132,0
132,132,0
132,132,0
132,132,0
132,132,0
132,132,0
132,132,0
132,132,0
132,132,0
132,132,0
132,132,0
133,132,1
133,132,1
132,132,0
132,132,0
132,132,0
132,132,0
132,132,0
132,132,0
132,132,0
132,132,0
133,132,1
133,132,1
133,132,1
132,132,0
132,132,0
132,132,0
133,133,0
133,133,0
133,133,0
133,133,0
133,133,0
133,132,1
132,132,0
132,132,0
132,132,0
133,132,1
133,132,1
132,132,0
132,132,0
132,132,0
132,132,0
132,132,0
132,132,0
132,132,0
132,132,0
133,132,1
133,132,1
133,132,1
132,132,0
132,132,0
132,132,0
133,132,1
133,132,1
132,132,0
132,132,0
132,132,0
132,132,0
132,132,0
132,132,0
132,132,0
132,132,0
132,132,0
132,132,0
132,132,0
132,132,0
132,132,0
132,132,0
132,132,0
132,132,0
132,132,0
132,132,0
132,132,0
132,132,0
131,132,-1
131,132,-1
131,132,-1
132,132,0
132,132,0
132,132,0
132,132,0
132,132,0
132,132,0
132,132,0
132,132,0
132,132,0
132,132,0
133,132,1
132,132,0
132,132,0
132,132,0
132,132,0
132,132,0
132,132,0
132,132,0
132,132,0
132,132,0
132,132,0
131,132,-1
131,132,-1
132,132,0
132,132,0
132,132,0
132,132,0
132,132,0
132,132,0
132,132,0
132,132,0
132,132,0
132,132,0
132,132,0
132,132,0
132,132,0
132,132,0
132,132,0
132,132,0
133,132,1
133,132,1
132,132,0
132,132,0
132,132,0
133,132,1
133,132,1
133,132,1
132,132,0
132,132,0
132,132,0
132,132,0
132,132,0
132,132,0
131,132,-1
131,132,-1
131,132,-1
132,132,0
132,132,0
132,132,0
132,132,0
132,132,0
132,132,0
132,132,0
132,132,0
132,132,0
132,132,0
132,132,0
132,132,0
132,132,0
133,132,1
133,132,1
133,132,1
132,132,0
132,132,0
132,132,0
132,132,0
133,132,1
133,132,1
132,132,0
132,132,0
132,132,0
132,132,0
132,133,-1
132,133,-1
133,133,0
133,133,0
133,133,0
133,133,0
133,133,0
133,133,0
133,133,0
133,133,0
133,133,0
133,133,0
133,133,0
133,133,0
132,133,-1
132,133,-1
132,133,-1
133,133,0
133,133,0
133,133,0
133,133,0
133,133,0
133,133,0
133,133,0
132,133,-1
132,133,-1
132,133,-1
133,133,0
133,133,0
133,133,0
132,133,-1
132,133,-1
133,132,1
133,132,1
133,132,1
132,133,-1
132,133,-1
133,133,0
133,133,0
132,133,-1
132,133,-1
132,133,-1
132,132,0
133,132,1
133,132,1
133,132,1
132,132,0
133,132,1
133,132,1
132,132,0
132,132,0
132,132,0
132,132,0
132,132,0
132,132,0
132,132,0
132,132,0
132,132,0
132,132,0
132,132,0
132,132,0
132,132,0
132,132,0
132,132,0
132,132,0
132,132,0
132,132,0
132,132,0
132,132,0
132,132,0
132,132,0
132,132,0
132,132,0
133,132,1
132,132,0
132,132,0
132,132,0
132,132,0
133,132,1
133,132,1
132,132,0
132,132,0
132,132,0
132,132,0
132,132,0
132,132,0
132,132,0
132,132,0
132,132,0
132,132,0
132,132,0
132,132,0
132,132,0
132,132,0
132,132,0
132,132,0
132,132,0
132,132,0
132,132,0
132,132,0
132,132,0
132,132,0
132,132,0
132,132,0
132,132,0
133,132,1
133,132,1
133,132,1
132,132,0
132,132,0
132,132,0
132,132,0
132,132,0
132,132,0
132,132,0
132,132,0
132,132,0
132,132,0
132,132,0
132,132,0
132,132,0
132,132,0
132,132,0
132,132,0
132,132,0
132,132,0
132,132,0
132,132,0
132,132,0
133,132,1
133,132,1
133,132,1
132,132,0
132,132,0
132,132,0
132,132,0
132,132,0
132,132,0
132,132,0
132,132,0
132,132,0
132,132,0
132,132,0
132,132,0
132,132,0
132,132,0
133,132,1
133,132,1
133,132,1
132,132,0
132,132,0
132,132,0
132,132,0
132,132,0
132,132,0
132,132,0
132,132,0
133,132,1
133,132,1
132,132,0
132,132,0
132,132,0
132,132,0
133,132,1
132,132,0
132,132,0
132,132,0
132,132,0
132,132,0
133,132,1
133,132,1
133,132,1
133,132,1
133,132,1
132,132,0
132,132,0
132,132,0
132,132,0
132,132,0
132,132,0
132,132,0
132,132,0
133,132,1
133,132,1
132,132,0
132,132,0
132,132,0
133,132,1
133,133,0
133,133,0
133,133,0
133,133,0
133,133,0
133,133,0
132,133,-1
132,133,-1
132,133,-1
133,133,0
133,132,1
133,132,1
133,132,1
132,132,0
132,132,0
132,132,0
132,132,0
132,132,0
132,132,0
132,132,0
132,132,0
132,132,0
132,132,0
132,132,0
133,132,1
133,132,1
133,133,0
133,133,0
133,133,0
133,133,0
132,133,-1
132,133,-1
133,133,0
133,133,0
133,133,0
133,133,0
133,133,0
133,133,0
133,133,0
133,133,0
133,133,0
132,133,-1
132,133,-1
133,133,0
133,133,0
133,133,0
133,133,0
133,133,0
133,133,0
133,133,0
133,133,0
133,133,0
133,133,0
133,133,0
132,133,-1
132,133,-1
132,133,-1
132,133,-1
133,133,0
133,133,0
133,133,0
133,133,0
132,133,-1
132,133,-1
132,133,-1
133,133,0
133,133,0
133,133,0
133,133,0
133,133,0
133,133,0
133,133,0
133,133,0
133,133,0
133,133,0
133,133,0
133,133,0
133,133,0
133,133,0
132,133,-1
132,133,-1
132,133,-1
132,133,-1
132,133,-1
133,133,0
133,133,0
133,133,0
133,133,0
133,133,0
133,133,0
133,133,0
133,133,0
133,133,0
133,133,0
134,133,1
134,133,1
134,133,1
133,133,0
133,133,0
133,133,0
133,133,0
133,133,0
133,133,0
133,133,0
132,133,-1
132,133,-1
133,133,0
133,133,0
133,133,0
133,133,0
133,133,0
133,133,0
133,133,0
133,133,0
133,133,0
133,133,0
133,133,0
133,133,0
133,133,0
133,133,0
133,133,0
133,133,0
133,133,0
133,133,0
133,133,0
133,133,0
133,133,0
133,133,0
133,133,0
133,133,0
133,133,0
133,133,0
133,133,0
133,133,0
133,133,0
133,133,0
133,133,0
133,133,0
133,133,0
133,133,0
133,133,0
133,133,0
133,133,0
133,133,0
133,133,0
133,133,0
132,133,-1
133,133,0
133,133,0
134,133,1
134,133,1
134,133,1
133,133,0
133,133,0
133,133,0
133,133,0
133,133,0
133,133,0
133,133,0
133,133,0
133,133,0
133,133,0
133,133,0
133,133,0
133,133,0
133,133,0
133,133,0
133,133,0
133,133,0
133,133,0
133,133,0
133,133,0
132,133,-1
132,133,-1
133,133,0
133,133,0
134,133,1
133,133,0
133,133,0
133,133,0
133,133,0
133,133,0
133,133,0
133,133,0
133,133,0
133,133,0
133,133,0
133,133,0
133,133,0
133,133,0
133,133,0
133,133,0
134,133,1
134,133,1
134,133,1
133,134,-1
133,134,-1
133,134,-1
134,134,0
134,134,0
134,134,0
134,134,0
134,134,0
134,134,0
134,133,1
133,133,0
133,133,0
133,133,0
134,133,1
134,133,1
133,133,0
133,133,0
133,133,0
133,133,0
133,133,0
133,133,0
133,133,0
133,133,0
133,133,0
133,133,0
133,133,0
133,133,0
133,133,0
133,133,0
133,133,0
133,133,0
133,133,0
133,133,0
134,133,1
133,133,0
133,133,0
133,133,0
133,133,0
133,133,0
133,133,0
133,133,0
133,133,0
134,133,1
134,133,1
134,133,1
134,133,1
133,134,-1
133,134,-1
134,134,0
134,134,0
134,134,0
133,134,-1
133,134,-1
134,134,0
134,134,0
134,134,0
134,134,0
134,134,0
134,134,0
134,134,0
134,134,0
134,134,0
134,134,0
134,134,0
135,134,1
135,134,1
134,134,0
133,134,-1
133,134,-1
133,134,-1
133,134,-1
134,134,0
134,134,0
134,134,0
134,134,0
134,134,0
134,134,0
133,134,-1
133,134,-1
134,134,0
134,134,0
134,134,0
134,134,0
134,134,0
134,134,0
134,134,0
134,134,0
134,134,0
134,134,0
134,134,0
134,134,0
134,134,0
133,134,-1
133,134,-1
133,134,-1
133,134,-1
134,134,0
134,134,0
134,134,0
134,134,0
134,134,0
134,134,0
134,134,0
134,134,0
134,134,0
134,134,0
134,134,0
134,134,0
134,134,0
134,134,0
134,134,0
134,134,0
134,134,0
134,134,0
134,134,0
134,134,0
134,134,0
134,134,0
134,134,0
134,134,0
134,134,0
134,134,0
134,134,0
134,134,0
134,134,0
134,134,0
134,134,0
133,134,-1
133,134,-1
134,134,0
134,134,0
134,134,0
134,134,0
134,134,0
134,134,0
134,134,0
134,134,0
134,134,0
134,134,0
134,134,0
134,134,0
134,134,0
134,134,0
134,134,0
134,134,0
134,134,0
134,134,0
134,134,0
134,134,0
134,134,0
134,134,0
134,134,0
134,134,0
133,134,-1
134,134,0
134,134,0
134,134,0
134,134,0
134,134,0
134,134,0
134,134,0
133,134,-1
134,134,0
134,134,0
134,134,0
135,134,1
135,135,0
135,135,0
135,135,0
135,135,0
134,135,-1
135,135,0
135,135,0
135,135,0
135,135,0
135,135,0
135,135,0
135,135,0
135,135,0
135,135,0
135,135,0
135,135,0
135,135,0
135,135,0
135,135,0
134,135,-1
134,135,-1
134,134,0
134,134,0
135,134,1
135,134,1
134,134,0
134,134,0
134,134,0
134,134,0
134,134,0
134,134,0
134,134,0
134,134,0
134,134,0
134,134,0
134,134,0
134,134,0
134,134,0
134,134,0
134,134,0
134,134,0
134,134,0
134,134,0
134,134,0
134,134,0
134,134,0
133,134,-1
133,134,-1
134,134,0
134,134,0
134,134,0
134,134,0
134,134,0
135,134,1
135,134,1
135,134,1
135,135,0
135,135,0
135,135,0
135,135,0
135,135,0
134,135,-1
134,135,-1
134,134,0
135,134,1
135,134,1
134,134,0
134,134,0
134,134,0
134,134,0
134,134,0
134,134,0
134,134,0
134,134,0
134,134,0
135,134,1
135,134,1
135,134,1
134,135,-1
134,135,-1
134,135,-1
135,135,0
135,135,0
135,135,0
135,135,0
135,135,0
135,135,0
135,135,0
135,135,0
135,135,0
135,135,0
134,135,-1
134,135,-1
134,135,-1
134,135,-1
134,135,-1
134,134,0
134,134,0
135,134,1
135,134,1
135,134,1
135,134,1
135,135,0
134,135,-1
134,135,-1
134,135,-1
134,135,-1
135,135,0
135,135,0
135,135,0
135,135,0
135,135,0
134,134,0
134,134,0
134,135,-1
134,135,-1
134,135,-1
135,135,0
135,135,0
135,135,0
135,135,0
134,135,-1
134,135,-1
135,135,0
135,135,0
135,135,0
135,135,0
135,135,0
135,135,0
135,135,0
134,135,-1
134,135,-1
135,135,0
135,135,0
135,135,0
135,135,0
135,135,0
134,135,-1
134,135,-1
134,135,-1
135,135,0
135,135,0
135,135,0
135,135,0
135,135,0
135,135,0
135,135,0
135,135,0
135,135,0
135,135,0
135,135,0
135,135,0
135,135,0
135,135,0
135,135,0
135,135,0
135,135,0
135,135,0
136,135,1
135,135,0
135,135,0
135,135,0
134,135,-1
134,135,-1
135,135,0
135,135,0
135,135,0
135,135,0
135,135,0
135,135,0
135,135,0
135,135,0
135,135,0
135,135,0
135,135,0
135,135,0
135,135,0
136,135,1
135,135,0
135,135,0
135,135,0
135,135,0
136,135,1
136,135,1
136,135,1
135,135,0
135,135,0
135,135,0
135,135,0
135,135,0
135,135,0
135,135,0
135,135,0
135,135,0
135,135,0
135,135,0
135,135,0
135,135,0
135,135,0
135,135,0
135,135,0
135,135,0
135,135,0
135,135,0
135,135,0
135,135,0
135,135,0
135,135,0
136,135,1
136,135,1
135,135,0
135,135,0
135,135,0
135,135,0
135,135,0
135,135,0
135,135,0
135,135,0
135,135,0
135,135,0
135,135,0
135,135,0
136,135,1
136,135,1
136,135,1
136,135,1
136,135,1
135,135,0
135,136,-1
135,136,-1
135,136,-1
135,136,-1
135,136,-1
136,136,0
136,136,0
136,136,0
136,136,0
136,136,0
136,136,0
136,136,0
136,136,0
136,136,0
136,136,0
136,136,0
136,136,0
136,136,0
136,136,0
135,136,-1
135,136,-1
136,136,0
136,136,0
136,136,0
136,136,0
136,136,0
135,136,-1
135,136,-1
135,136,-1
135,136,-1
136,136,0
136,136,0
136,136,0
135,136,-1
135,136,-1
135,136,-1
136,136,0
136,136,0
136,136,0
136,136,0
136,136,0
136,136,0
136,136,0
135,136,-1
135,136,-1
135,136,-1
135,136,-1
136,136,0
136,135,1
136,135,1
135,135,0
135,135,0
135,135,0
136,135,1
136,135,1
135,135,0
135,135,0
135,135,0
135,135,0
135,135,0
135,135,0
135,135,0
135,135,0
135,135,0
135,135,0
135,135,0
135,135,0
135,135,0
135,135,0
135,135,0
135,135,0
135,135,0
135,135,0
135,135,0
135,135,0
135,135,0
135,135,0
134,135,-1
134,135,-1
135,135,0
135,135,0
135,134,1
135,134,1
134,134,0
134,134,0
134,134,0
134,134,0
134,134,0
134,134,0
134,134,0
134,134,0
135,134,1
135,134,1
135,134,1
134,134,0
134,134,0
134,134,0
134,134,0
134,134,0
135,134,1
135,134,1
134,134,0
134,134,0
134,134,0
134,134,0
134,134,0
134,134,0
134,134,0
134,134,0
134,134,0
135,134,1
134,134,0
134,134,0
134,135,-1
135,135,0
135,135,0
135,135,0
135,135,0
135,135,0
135,135,0
135,135,0
135,135,0
135,135,0
135,135,0
135,135,0
135,135,0
135,135,0
135,135,0
134,135,-1
134,135,-1
135,135,0
135,135,0
135,135,0
135,135,0
135,135,0
135,135,0
135,135,0
135,135,0
135,135,0
135,135,0
135,135,0
136,135,1
135,135,0
135,135,0
135,135,0
135,135,0
135,135,0
135,135,0
135,135,0
135,135,0
135,135,0
135,135,0
135,135,0
135,135,0
135,135,0
135,135,0
135,135,0
135,135,0
135,135,0
135,135,0
135,135,0
135,135,0
135,135,0
135,135,0
135,135,0
136,135,1
136,135,1
136,135,1
135,135,0
135,135,0
135,136,-1
135,136,-1
135,136,-1
136,136,0
136,136,0
136,136,0
136,136,0
136,136,0
136,136,0
136,136,0
136,136,0
136,136,0
136,136,0
136,136,0
136,136,0
136,136,0
136,136,0
136,136,0
136,136,0
136,136,0
137,136,1
136,136,0
136,136,0
136,136,0
136,136,0
136,136,0
136,136,0
136,136,0
136,136,0
136,136,0
136,136,0
136,136,0
136,136,0
136,136,0
136,136,0
136,136,0
136,136,0
136,136,0
136,136,0
136,136,0
136,136,0
136,136,0
136,136,0
136,136,0
136,136,0
136,136,0
136,136,0
136,136,0
136,136,0
136,136,0
136,136,0
136,136,0
136,136,0
136,136,0
136,136,0
136,136,0
136,136,0
136,136,0
136,136,0
136,136,0
136,136,0
136,136,0
136,136,0
136,136,0
136,136,0
136,136,0
136,136,0
135,136,-1
135,136,-1
136,136,0
136,136,0
136,136,0
136,136,0
136,136,0
136,136,0
136,136,0
136,136,0
136,136,0
136,136,0
136,136,0
136,136,0
136,136,0
136,136,0
136,136,0
136,136,0
136,136,0
137,136,1
137,136,1
137,136,1
136,136,0
136,136,0
136,136,0
136,136,0
136,136,0
137,136,1
137,136,1
137,136,1
136,136,0
136,136,0
136,136,0
137,136,1
137,136,1
136,136,0
136,136,0
136,136,0
136,136,0
136,136,0
136,136,0
136,137,-1
136,137,-1
137,137,0
137,137,0
137,137,0
137,137,0
137,137,0
137,137,0
137,137,0
137,137,0
137,137,0
137,137,0
137,137,0
136,137,-1
136,137,-1
136,137,-1
136,137,-1
136,136,0
136,136,0
136,136,0
137,136,1
137,136,1
137,136,1
137,136,1
136,136,0
136,136,0
136,136,0
136,136,0
136,137,-1
136,137,-1
136,137,-1
136,137,-1
137,136,1
137,136,1
137,137,0
137,137,0
137,137,0
137,137,0
137,137,0
137,137,0
136,137,-1
136,137,-1
137,137,0
137,137,0
137,137,0
137,137,0
137,137,0
137,137,0
137,137,0
137,137,0
137,137,0
136,137,-1
136,137,-1
136,137,-1
136,136,0
136,136,0
137,136,1
137,136,1
137,136,1
136,136,0
136,136,0
136,136,0
136,137,-1
136,137,-1
137,137,0
137,137,0
137,137,0
136,137,-1
137,137,0
137,137,0
137,137,0
137,137,0
137,137,0
136,137,-1
137,137,0
137,137,0
137,137,0
137,137,0
137,137,0
137,137,0
137,137,0
138,137,1
137,137,0
137,137,0
136,137,-1
136,137,-1
137,137,0
137,137,0
137,137,0
137,137,0
137,137,0
137,137,0
137,137,0
137,137,0
136,137,-1
136,137,-1
137,137,0
137,137,0
137,137,0
137,137,0
137,137,0
137,137,0
137,137,0
137,137,0
137,137,0
137,137,0
137,137,0
137,137,0
137,137,0
137,137,0
137,137,0
137,137,0
138,137,1
138,137,1
137,137,0
137,137,0
137,137,0
137,137,0
137,137,0
137,137,0
137,137,0
137,137,0
138,137,1
138,137,1
137,137,0
137,137,0
137,137,0
137,137,0
138,137,1
138,138,0
138,138,0
138,138,0
138,138,0
138,138,0
137,138,-1
137,138,-1
137,138,-1
138,138,0
138,138,0
138,138,0
138,138,0
138,138,0
138,138,0
138,138,0
137,138,-1
137,138,-1
138,138,0
138,138,0
138,138,0
138,138,0
138,138,0
138,138,0
138,138,0
138,138,0
138,138,0
138,138,0
138,138,0
138,138,0
137,137,0
137,137,0
137,137,0
137,137,0
137,137,0
137,137,0
137,137,0
137,137,0
137,137,0
137,137,0
137,137,0
137,137,0
137,137,0
138,138,0
138,138,0
138,138,0
138,138,0
138,138,0
138,138,0
138,138,0
138,138,0
138,138,0
138,138,0
138,138,0
138,138,0
138,138,0
138,138,0
138,138,0
137,138,-1
138,138,0
138,138,0
138,138,0
138,138,0
138,138,0
138,138,0
138,138,0
137,138,-1
137,138,-1
137,138,-1
138,137,1
138,137,1
138,137,1
137,137,0
137,137,0
137,137,0
137,137,0
137,137,0
137,137,0
137,137,0
137,137,0
138,137,1
137,137,0
137,137,0
137,137,0
138,137,1
138,137,1
138,137,1
137,137,0
137,137,0
137,137,0
137,137,0
137,137,0
137,137,0
136,137,-1
136,137,-1
136,137,-1
137,137,0
137,137,0
137,137,0
137,137,0
137,137,0
137,137,0
137,137,0
137,137,0
137,137,0
137,137,0
137,137,0
137,137,0
138,137,1
138,137,1
138,137,1
138,137,1
138,137,1
138,137,1
137,137,0
137,137,0
137,137,0
137,137,0
137,137,0
137,137,0
137,137,0
137,137,0
137,137,0
137,137,0
137,137,0
137,137,0
137,137,0
137,137,0
137,137,0
137,137,0
136,137,-1
136,137,-1
136,137,-1
136,137,-1
137,136,1
137,136,1
137,136,1
136,136,0
136,136,0
136,136,0
137,136,1
136,137,-1
136,137,-1
136,137,-1
136,137,-1
137,137,0
137,137,0
137,137,0
137,137,0
137,137,0
137,137,0
137,137,0
137,137,0
137,137,0
137,137,0
137,137,0
137,137,0
136,137,-1
136,137,-1
136,137,-1
137,137,0
137,137,0
137,137,0
137,137,0
137,137,0
137,137,0
137,137,0
137,137,0
137,137,0
137,137,0
137,137,0
137,137,0
136,137,-1
136,137,-1
136,136,0
136,136,0
136,136,0
136,136,0
137,136,1
137,136,1
136,136,0
136,136,0
136,136,0
136,136,0
136,136,0
136,136,0
136,136,0
136,136,0
136,136,0
136,136,0
136,136,0
136,136,0
136,136,0
136,136,0
136,136,0
136,136,0
136,136,0
136,136,0
136,136,0
136,136,0
136,136,0
136,136,0
136,136,0
136,136,0
136,136,0
136,136,0
136,136,0
136,136,0
136,136,0
136,136,0
136,136,0
136,136,0
136,136,0
136,136,0
136,136,0
136,136,0
136,136,0
135,136,-1
136,136,0
136,136,0
136,136,0
136,136,0
136,136,0
136,136,0
136,136,0
136,136,0
136,136,0
136,136,0
136,136,0
136,136,0
136,136,0
136,136,0
136,136,0
137,136,1
137,136,1
136,136,0
136,136,0
136,136,0
136,136,0
137,136,1
137,136,1
136,136,0
136,136,0
136,136,0
136,136,0
136,136,0
136,136,0
136,136,0
136,136,0
136,136,0
136,136,0
136,136,0
136,136,0
136,136,0
136,136,0
136,136,0
136,136,0
136,136,0
136,136,0
136,136,0
136,136,0
136,136,0
137,136,1
136,136,0
136,136,0
136,136,0
136,136,0
136,136,0
136,136,0
136,136,0
136,136,0
136,136,0
136,136,0
136,136,0
136,136,0
136,136,0
136,136,0
136,136,0
137,136,1
137,136,1
136,136,0
136,136,0
136,136,0
136,136,0
137,136,1
137,136,1
137,137,0
137,137,0
137,137,0
137,137,0
136,137,-1
136,137,-1
136,137,-1
136,137,-1
137,137,0
137,137,0
137,137,0
137,136,1
137,136,1
136,136,0
136,136,0
136,136,0
136,136,0
136,136,0
137,136,1
137,136,1
136,136,0
136,136,0
136,136,0
136,136,0
136,136,0
136,136,0
136,136,0
137,136,1
137,136,1
137,136,1
136,136,0
136,137,-1
136,137,-1
136,137,-1
137,137,0
137,137,0
137,137,0
137,137,0
137,137,0
137,137,0
137,137,0
137,137,0
137,137,0
137,137,0
137,137,0
137,137,0
136,137,-1
136,137,-1
137,137,0
137,137,0
137,137,0
137,137,0
137,137,0
137,137,0
137,137,0
137,137,0
137,137,0
137,137,0
137,137,0
137,137,0
137,137,0
137,137,0
137,137,0
137,137,0
137,137,0
137,137,0
137,137,0
137,137,0
137,137,0
137,137,0
137,137,0
137,137,0
137,137,0
137,137,0
137,137,0
137,137,0
137,137,0
137,137,0
137,137,0
137,137,0
137,137,0
137,137,0
137,137,0
137,137,0
137,137,0
137,137,0
137,137,0
137,137,0
137,137,0
137,137,0
137,137,0
137,137,0
138,137,1
138,137,1
137,137,0
137,137,0
137,137,0
137,137,0
137,137,0
137,137,0
137,137,0
137,137,0
137,137,0
137,137,0
137,137,0
137,137,0
137,137,0
137,137,0
137,137,0
137,137,0
138,137,1
138,137,1
138,137,1
138,137,1
137,137,0
137,137,0
137,137,0
137,137,0
137,137,0
137,137,0
137,137,0
137,137,0
137,137,0
137,137,0
137,137,0
137,137,0
137,137,0
137,137,0
137,137,0
137,137,0
137,137,0
137,137,0
137,137,0
137,137,0
137,137,0
138,137,1
138,137,1
137,137,0
137,137,0
137,137,0
137,137,0
137,137,0
137,137,0
137,137,0
137,137,0
137,137,0
137,137,0
137,137,0
137,137,0
137,137,0
138,137,1
138,137,1
138,137,1
138,138,0
137,138,-1
137,138,-1
137,138,-1
138,138,0
138,138,0
138,138,0
138,138,0
138,138,0
138,138,0
137,138,-1
137,138,-1
137,138,-1
137,138,-1
138,138,0
138,138,0
138,137,1
138,137,1
137,137,0
138,137,1
138,137,1
137,137,0
137,137,0
137,137,0
137,137,0
137,137,0
137,137,0
137,137,0
137,137,0
137,137,0
137,137,0
137,137,0
137,137,0
137,137,0
137,137,0
137,137,0
137,137,0
137,137,0
137,137,0
137,137,0
138,138,0
138,138,0
138,138,0
138,138,0
138,138,0
138,138,0
138,138,0
138,138,0
138,138,0
138,138,0
138,138,0
137,138,-1
137,138,-1
137,138,-1
137,138,-1
137,138,-1
137,138,-1
137,138,-1
138,138,0
138,138,0
138,138,0
138,138,0
138,138,0
138,138,0
138,138,0
138,138,0
138,138,0
138,138,0
138,138,0
138,138,0
138,138,0
137,138,-1
137,138,-1
138,138,0
138,138,0
138,138,0
137,138,-1
137,138,-1
138,138,0
138,138,0
138,138,0
138,138,0
138,138,0
138,138,0
138,138,0
138,138,0
137,138,-1
137,138,-1
137,138,-1
138,138,0
138,138,0
138,138,0
138,138,0
137,138,-1
138,137,1
138,137,1
137,137,0
137,137,0
137,137,0
137,137,0
138,137,1
138,137,1
137,137,0
137,137,0
137,137,0
137,137,0
138,138,0
137,138,-1
137,138,-1
138,138,0
138,138,0
138,138,0
138,138,0
138,138,0
138,138,0
138,138,0
138,138,0
138,138,0
138,138,0
137,138,-1
137,138,-1
137,138,-1
137,138,-1
138,138,0
138,138,0
138,138,0
138,138,0
137,137,0
137,137,0
137,137,0
137,137,0
137,137,0
138,137,1
138,137,1
138,137,1
138,137,1
137,137,0
137,137,0
137,137,0
137,137,0
137,137,0
137,137,0
137,137,0
137,137,0
137,137,0
137,137,0
138,137,1
138,137,1
138,137,1
137,137,0
137,137,0
137,137,0
137,137,0
137,137,0
137,137,0
137,137,0
137,137,0
137,137,0
137,137,0
138,137,1
138,137,1
137,137,0
137,137,0
137,137,0
137,137,0
137,137,0
137,137,0
137,137,0
137,137,0
137,137,0
137,137,0
137,137,0
137,137,0
137,137,0
137,137,0
137,137,0
137,137,0
137,137,0
137,137,0
136,137,-1
136,137,-1
137,137,0
137,137,0
137,137,0
137,137,0
137,137,0
137,137,0
136,137,-1
137,137,0
137,137,0
137,137,0
137,137,0
137,137,0
137,137,0
137,137,0
137,137,0
137,137,0
137,137,0
137,137,0
137,137,0
137,137,0
137,137,0
137,137,0
137,137,0
137,137,0
137,137,0
137,137,0
137,137,0
137,137,0
137,137,0
137,137,0
137,137,0
137,137,0
137,137,0
137,137,0
137,137,0
137,137,0
137,137,0
137,137,0
137,137,0
137,137,0
137,137,0
137,137,0
137,137,0
137,137,0
137,137,0
137,137,0
137,137,0
137,137,0
136,137,-1
136,137,-1
137,137,0
137,137,0
137,137,0
137,137,0
137,137,0
137,137,0
137,137,0
137,137,0
137,137,0
137,137,0
137,137,0
137,137,0
137,137,0
137,137,0
137,137,0
136,137,-1
136,137,-1
137,137,0
137,137,0
137,137,0
137,137,0
137,137,0
137,137,0
137,137,0
137,137,0
137,137,0
136,137,-1
137,137,0
137,137,0
137,137,0
137,137,0
137,137,0
137,137,0
137,137,0
137,137,0
137,137,0
137,137,0
137,137,0
137,137,0
137,137,0
137,137,0
137,137,0
137,137,0
137,137,0
137,137,0
137,137,0
137,137,0
137,137,0
137,137,0
137,137,0
137,137,0
137,137,0
137,137,0
137,137,0
137,137,0
137,137,0
137,137,0
137,137,0
137,137,0
137,137,0
136,137,-1
137,137,0
137,137,0
137,137,0
137,137,0
137,137,0
137,137,0
137,137,0
137,137,0
137,137,0
137,137,0
137,137,0
137,137,0
137,137,0
137,137,0
137,137,0
137,137,0
137,137,0
137,137,0
137,137,0
137,137,0
137,137,0
137,137,0
137,137,0
137,137,0
137,137,0
136,137,-1
137,137,0
137,137,0
137,137,0
137,137,0
136,137,-1
136,137,-1
137,137,0
137,137,0
137,137,0
137,137,0
137,137,0
137,137,0
137,137,0
137,137,0
136,137,-1
136,137,-1
137,137,0
137,137,0
137,137,0
137,137,0
137,137,0
137,137,0
137,137,0
137,137,0
137,137,0
137,137,0
137,137,0
137,137,0
137,137,0
137,137,0
137,137,0
137,137,0
137,137,0
137,137,0
137,137,0
137,137,0
137,137,0
137,137,0
137,137,0
137,137,0
137,137,0
137,137,0
137,137,0
137,137,0
137,137,0
137,137,0
137,137,0
137,137,0
137,137,0
137,137,0
137,137,0
137,137,0
137,137,0
136,137,-1
136,137,-1
137,137,0
137,137,0
138,137,1
137,137,0
137,137,0
137,137,0
137,137,0
137,137,0
137,137,0
137,137,0
137,137,0
137,137,0
138,137,1
137,137,0
137,137,0
137,137,0
137,137,0
138,138,0
138,138,0
138,138,0
138,138,0
138,138,0
138,138,0
138,138,0
138,138,0
137,138,-1
138,138,0
138,138,0
138,138,0
138,138,0
138,138,0
138,138,0
138,138,0
138,138,0
138,138,0
138,138,0
138,138,0
138,138,0
138,138,0
138,138,0
138,138,0
138,138,0
138,138,0
138,138,0
138,138,0
137,138,-1
137,138,-1
138,138,0
138,138,0
138,138,0
138,138,0
138,138,0
138,138,0
138,138,0
138,138,0
138,138,0
137,138,-1
137,138,-1
137,138,-1
137,138,-1
138,138,0
138,138,0
138,138,0
138,138,0
138,138,0
138,138,0
138,138,0
138,138,0
137,138,-1
137,138,-1
137,138,-1
138,138,0
138,138,0
138,138,0
138,138,0
138,138,0
138,138,0
138,138,0
138,138,0
138,138,0
138,138,0
138,138,0
138,138,0
138,138,0
138,138,0
138,138,0
138,138,0
138,138,0
138,138,0
138,138,0
138,138,0
138,138,0
138,138,0
138,138,0
138,138,0
138,138,0
138,138,0
138,138,0
137,138,-1
137,137,0
137,137,0
137,137,0
137,137,0
137,137,0
138,137,1
137,137,0
137,137,0
137,137,0
137,137,0
138,137,1
138,137,1
138,137,1
138,137,1
137,137,0
137,137,0
138,137,1
138,137,1
138,137,1
138,137,1
137,137,0
137,137,0
137,137,0
137,137,0
137,137,0
137,137,0
137,137,0
137,137,0
137,137,0
137,137,0
137,137,0
137,137,0
137,137,0
137,137,0
138,137,1
138,137,1
138,137,1
137,137,0
137,137,0
137,137,0
137,137,0
137,137,0
137,137,0
137,137,0
137,137,0
137,137,0
137,137,0
137,137,0
137,137,0
137,137,0
137,137,0
137,137,0
137,137,0
137,137,0
137,137,0
137,137,0
137,137,0
137,137,0
137,137,0
137,137,0
137,137,0
137,137,0
137,137,0
137,137,0
137,137,0
137,137,0
137,137,0
137,137,0
137,137,0
137,137,0
137,137,0
137,137,0
137,137,0
137,137,0
137,137,0
137,137,0
137,137,0
137,137,0
137,137,0
137,137,0
137,137,0
137,137,0
137,137,0
137,137,0
137,137,0
137,137,0
137,137,0
138,137,1
137,137,0
137,137,0
137,137,0
137,137,0
137,137,0
137,137,0
137,137,0
137,137,0
137,137,0
137,137,0
137,137,0
137,137,0
137,137,0
137,137,0
137,137,0
137,137,0
137,137,0
137,137,0
137,137,0
137,137,0
137,137,0
137,137,0
136,137,-1
136,137,-1
137,137,0
137,137,0
137,137,0
137,137,0
137,137,0
137,137,0
137,137,0
137,137,0
137,137,0
137,137,0
137,137,0
137,137,0
137,137,0
137,137,0
137,137,0
137,137,0
137,137,0
137,137,0
137,137,0
137,137,0
137,137,0
137,137,0
136,137,-1
136,137,-1
136,137,-1
136,137,-1
137,137,0
137,137,0
137,137,0
136,137,-1
136,137,-1
136,137,-1
136,137,-1
137,137,0
137,137,0
137,137,0
137,137,0
137,137,0
137,137,0
137,137,0
136,137,-1
136,137,-1
136,137,-1
136,137,-1
137,137,0
137,137,0
137,136,1
136,136,0
136,136,0
136,136,0
137,136,1
137,136,1
137,136,1
136,136,0
136,136,0
136,136,0
136,136,0
136,136,0
136,136,0
136,136,0
136,136,0
136,136,0
136,136,0
136,136,0
136,136,0
136,136,0
136,136,0
136,136,0
136,136,0
136,136,0
137,136,1
136,136,0
136,136,0
136,136,0
136,136,0
136,136,0
137,136,1
137,136,1
136,136,0
136,136,0
136,136,0
136,136,0
136,136,0
136,136,0
136,136,0
136,136,0
137,136,1
137,136,1
137,136,1
136,136,0
136,136,0
136,136,0
136,136,0
136,136,0
137,136,1
136,136,0
136,136,0
136,136,0
136,136,0
136,136,0
136,136,0
136,136,0
136,136,0
136,136,0
136,136,0
136,136,0
136,136,0
136,136,0
136,136,0
136,136,0
136,136,0
136,136,0
136,136,0
136,136,0
136,136,0
136,136,0
135,136,-1
136,136,0
136,136,0
136,136,0
137,136,1
136,136,0
136,136,0
136,136,0
136,136,0
136,136,0
136,136,0
136,136,0
136,136,0
136,136,0
136,136,0
136,136,0
136,136,0
136,136,0
136,136,0
136,136,0
136,136,0
136,136,0
136,136,0
136,136,0
136,136,0
136,136,0
136,136,0
136,136,0
136,136,0
136,136,0
136,136,0
136,136,0
136,136,0
136,136,0
136,136,0
136,136,0
136,136,0
136,136,0
136,136,0
136,136,0
136,136,0
136,136,0
136,136,0
136,136,0
136,136,0
136,136,0
136,136,0
136,136,0
136,136,0
136,136,0
137,136,1
137,136,1
136,136,0
136,136,0
136,136,0
136,136,0
136,136,0
136,136,0
136,136,0
136,136,0
136,136,0
136,136,0
136,136,0
136,136,0
136,136,0
136,136,0
136,136,0
136,136,0
136,136,0
136,136,0
136,136,0
136,136,0
136,136,0
136,136,0
136,136,0
136,136,0
136,136,0
136,136,0
137,136,1
137,136,1
137,137,0
137,137,0
137,137,0
137,137,0
137,137,0
137,137,0
136,137,-1
136,137,-1
137,137,0
137,137,0
137,137,0
137,137,0
136,137,-1
136,137,-1
136,136,0
137,136,1
137,136,1
137,136,1
137,136,1
136,136,0
136,136,0
136,136,0
136,136,0
136,136,0
136,136,0
137,136,1
136,136,0
136,136,0
136,136,0
136,136,0
136,136,0
136,136,0
136,136,0
136,136,0
136,136,0
136,136,0
136,136,0
136,136,0
136,136,0
136,136,0
136,136,0
136,136,0
136,136,0
136,136,0
136,136,0
136,136,0
136,136,0
136,136,0
136,136,0
136,136,0
136,136,0
136,136,0
136,136,0
136,136,0
136,136,0
136,136,0
136,136,0
136,136,0
136,136,0
136,136,0
136,136,0
136,136,0
136,136,0
136,136,0
136,136,0
136,136,0
136,136,0
136,136,0
136,136,0
136,136,0
136,136,0
136,136,0
136,136,0
136,136,0
136,136,0
136,136,0
136,136,0
136,136,0
136,136,0
136,136,0
136,136,0
136,136,0
136,136,0
136,136,0
136,136,0
136,136,0
136,136,0
136,136,0
136,136,0
136,136,0
136,136,0
136,136,0
136,136,0
136,136,0
136,136,0
136,136,0
136,136,0
136,136,0
136,136,0
136,136,0
136,136,0
136,136,0
136,136,0
136,136,0
136,136,0
136,136,0
136,136,0
136,136,0
136,136,0
135,136,-1
135,136,-1
136,136,0
136,136,0
136,136,0
136,136,0
136,136,0
136,136,0
136,136,0
136,136,0
136,136,0
136,136,0
136,136,0
136,136,0
136,136,0
136,136,0
136,136,0
136,136,0
136,136,0
136,136,0
136,136,0
135,136,-1
136,136,0
136,136,0
136,136,0
136,136,0
136,136,0
136,136,0
136,136,0
136,136,0
136,136,0
136,136,0
136,136,0
136,136,0
136,136,0
136,136,0
136,136,0
136,136,0
136,136,0
136,136,0
136,136,0
136,136,0
135,136,-1
135,136,-1
136,136,0
136,136,0
136,136,0
135,136,-1
135,136,-1
135,136,-1
135,136,-1
136,136,0
136,136,0
136,136,0
136,136,0
136,136,0
136,136,0
136,136,0
136,136,0
136,136,0
136,136,0
136,136,0
136,136,0
136,136,0
136,136,0
136,136,0
136,136,0
136,136,0
136,136,0
135,136,-1
136,136,0
136,136,0
136,136,0
136,136,0
135,136,-1
135,136,-1
135,136,-1
135,136,-1
135,136,-1
135,136,-1
135,135,0
136,135,1
136,135,1
136,135,1
136,135,1
136,135,1
136,135,1
135,135,0
135,135,0
135,136,-1
136,136,0
136,136,0
136,136,0
135,135,0
135,135,0
135,135,0
135,135,0
135,135,0
136,135,1
136,135,1
136,135,1
135,135,0
135,135,0
135,135,0
135,135,0
135,135,0
135,135,0
135,135,0
135,135,0
135,135,0
135,135,0
135,135,0
135,135,0
136,135,1
136,135,1
136,135,1
136,135,1
136,135,1
136,135,1
136,135,1
136,135,1
136,136,0
135,136,-1
135,135,0
135,135,0
135,135,0
135,135,0
135,135,0
135,135,0
135,135,0
136,135,1
135,135,0
135,135,0
135,135,0
136,135,1
136,135,1
135,135,0
135,135,0
135,135,0
135,135,0
136,135,1
136,135,1
136,135,1
135,135,0
135,135,0
135,135,0
135,135,0
135,135,0
135,135,0
135,135,0
135,135,0
135,135,0
135,135,0
135,135,0
135,135,0
135,135,0
135,135,0
135,135,0
135,135,0
135,135,0
135,135,0
135,135,0
135,135,0
135,135,0
135,135,0
135,135,0
135,135,0
135,135,0
135,135,0
135,135,0
135,135,0
135,135,0
135,135,0
135,135,0
136,135,1
135,135,0
135,135,0
135,135,0
135,135,0
135,135,0
135,135,0
135,135,0
136,135,1
136,135,1
136,135,1
136,135,1
135,135,0
135,135,0
135,135,0
135,135,0
136,135,1
136,135,1
136,135,1
135,135,0
135,135,0
135,135,0
135,135,0
135,135,0
135,135,0
135,135,0
135,135,0
135,135,0
135,135,0
135,135,0
135,135,0
135,135,0
135,135,0
135,135,0
135,135,0
135,135,0
135,135,0
135,135,0
135,135,0
135,135,0
135,135,0
135,135,0
135,135,0
135,135,0
135,135,0
135,135,0
135,135,0
135,135,0
135,135,0
135,135,0
135,135,0
136,135,1
136,135,1
136,135,1
135,135,0
135,135,0
135,135,0
135,135,0
136,136,0
136,136,0
136,136,0
135,136,-1
135,136,-1
135,136,-1
136,136,0
136,136,0
136,136,0
136,136,0
135,136,-1
136,136,0
136,135,1
136,135,1
136,135,1
135,135,0
135,135,0
136,135,1
135,135,0
135,135,0
135,135,0
135,135,0
135,135,0
135,135,0
135,135,0
135,135,0
135,135,0
135,135,0
135,135,0
135,135,0
135,135,0
134,135,-1
135,135,0
135,135,0
135,135,0
135,135,0
135,135,0
135,135,0
135,135,0
135,135,0
135,135,0
135,135,0
134,135,-1
135,135,0
135,135,0
135,135,0
135,135,0
135,135,0
134,135,-1
135,135,0
135,135,0
135,135,0
135,135,0
135,135,0
134,135,-1
134,135,-1
134,135,-1
134,135,-1
134,135,-1
135,135,0
135,135,0
135,135,0
135,135,0
134,135,-1
134,135,-1
135,135,0
135,135,0
135,135,0
135,135,0
134,135,-1
134,135,-1
135,135,0
135,135,0
135,135,0
135,135,0
135,135,0
135,135,0
134,135,-1
135,135,0
134,135,-1
134,135,-1
134,134,0
134,134,0
134,134,0
134,134,0
135,134,1
135,134,1
135,134,1
134,134,0
134,134,0
134,134,0
134,134,0
135,134,1
135,135,0
135,135,0
135,135,0
134,135,-1
134,134,0
134,134,0
134,134,0
135,134,1
135,134,1
135,134,1
135,134,1
135,134,1
134,134,0
134,134,0
134,134,0
134,134,0
134,135,-1
134,134,0
135,134,1
135,134,1
135,134,1
134,134,0
134,134,0
134,134,0
135,134,1
135,134,1
134,134,0
134,134,0
134,134,0
134,134,0
134,134,0
134,134,0
134,134,0
135,134,1
135,134,1
135,134,1
135,134,1
134,134,0
134,134,0
134,134,0
135,134,1
135,134,1
135,134,1
134,134,0
134,134,0
134,134,0
134,134,0
134,134,0
134,134,0
134,134,0
134,134,0
134,134,0
134,134,0
134,134,0
134,134,0
134,134,0
134,134,0
134,134,0
134,134,0
134,134,0
134,134,0
134,134,0
135,134,1
135,134,1
135,134,1
135,134,1
134,134,0
134,134,0
134,134,0
134,134,0
134,134,0
134,134,0
133,134,-1
134,134,0
134,134,0
134,134,0
135,134,1
134,134,0
134,134,0
134,134,0
134,134,0
134,134,0
134,134,0
134,134,0
134,134,0
134,134,0
134,134,0
134,134,0
134,134,0
134,134,0
134,134,0
134,134,0
134,134,0
134,134,0
134,134,0
134,134,0
134,134,0
133,134,-1
133,134,-1
134,134,0
134,134,0
134,134,0
134,134,0
133,134,-1
133,134,-1
133,134,-1
133,134,-1
134,134,0
134,134,0
134,134,0
134,134,0
134,134,0
134,134,0
134,134,0
134,134,0
134,134,0
134,134,0
134,134,0
134,134,0
134,134,0
134,134,0
134,134,0
134,134,0
134,134,0
134,134,0
134,134,0
134,134,0
134,134,0
134,134,0
134,134,0
134,134,0
134,134,0
134,134,0
134,134,0
134,134,0
134,134,0
134,134,0
134,134,0
134,134,0
134,134,0
134,134,0
134,134,0
134,134,0
134,134,0
135,134,1
134,134,0
134,134,0
134,134,0
134,134,0
134,134,0
134,134,0
134,134,0
134,134,0
134,134,0
134,134,0
134,134,0
134,134,0
134,134,0
134,134,0
134,134,0
134,134,0
134,134,0
133,134,-1
133,134,-1
133,134,-1
134,134,0
134,134,0
134,134,0
134,134,0
134,134,0
134,134,0
134,134,0
134,134,0
134,134,0
134,134,0
134,134,0
133,134,-1
133,134,-1
133,134,-1
134,134,0
134,134,0
134,134,0
134,134,0
134,134,0
134,134,0
134,134,0
134,134,0
134,134,0
134,134,0
134,134,0
134,134,0
134,134,0
134,134,0
134,134,0
134,134,0
133,134,-1
133,134,-1
134,134,0
134,134,0
134,134,0
134,134,0
134,134,0
134,134,0
134,134,0
135,134,1
134,134,0
134,134,0
133,134,-1
133,134,-1
134,134,0
134,134,0
133,133,0
133,133,0
133,133,0
133,133,0
134,133,1
134,133,1
133,133,0
133,133,0
133,133,0
133,133,0
133,133,0
133,133,0
133,133,0
133,133,0
133,133,0
133,133,0
133,133,0
133,133,0
133,133,0
133,133,0
133,133,0
133,133,0
133,133,0
133,133,0
133,133,0
133,133,0
133,133,0
133,133,0
133,133,0
133,133,0
133,133,0
133,133,0
133,133,0
133,133,0
133,133,0
133,133,0
133,133,0
132,133,-1
132,133,-1
133,133,0
133,133,0
133,133,0
133,133,0
133,133,0
133,133,0
133,133,0
133,133,0
133,133,0
133,133,0
133,133,0
133,133,0
133,133,0
133,133,0
133,133,0
133,133,0
133,133,0
133,133,0
133,133,0
133,133,0
133,133,0
133,133,0
132,133,-1
132,133,-1
132,133,-1
133,133,0
133,133,0
133,133,0
133,133,0
133,133,0
133,133,0
133,133,0
133,133,0
133,133,0
133,133,0
133,133,0
133,133,0
133,133,0
133,133,0
133,133,0
133,133,0
133,133,0
132,133,-1
132,133,-1
133,133,0
133,133,0
133,133,0
133,133,0
133,133,0
133,133,0
133,133,0
133,133,0
133,133,0
133,133,0
133,133,0
132,133,-1
132,133,-1
132,133,-1
132,132,0
133,132,1
133,132,1
133,132,1
132,132,0
132,132,0
132,132,0
132,132,0
132,132,0
132,132,0
132,132,0
132,132,0
132,132,0
132,132,0
132,132,0
132,132,0
132,132,0
132,132,0
132,132,0
132,132,0
132,132,0
132,132,0
132,132,0
132,132,0
132,132,0
132,132,0
132,132,0
132,132,0
132,132,0
132,132,0
132,132,0
132,132,0
132,132,0
131,132,-1
131,132,-1
131,132,-1
132,132,0
132,132,0
132,132,0
132,132,0
132,132,0
132,132,0
132,132,0
132,132,0
132,132,0
132,132,0
132,132,0
133,132,1
132,132,0
132,132,0
133,132,1
133,132,1
133,132,1
133,132,1
132,132,0
132,132,0
132,132,0
132,132,0
132,132,0
132,132,0
132,132,0
132,132,0
132,132,0
132,132,0
132,132,0
132,132,0
132,132,0
132,132,0
132,132,0
132,132,0
132,132,0
132,132,0
132,132,0
132,132,0
131,132,-1
132,132,0
132,132,0
132,132,0
132,132,0
132,132,0
132,132,0
132,132,0
132,132,0
132,132,0
132,132,0
132,132,0
132,132,0
132,132,0
132,132,0
132,132,0
132,132,0
132,132,0
132,132,0
132,132,0
132,132,0
132,132,0
132,132,0
132,132,0
132,132,0
132,132,0
132,132,0
133,132,1
133,132,1
133,132,1
133,132,1
132,132,0
132,132,0
132,132,0
133,133,0
133,133,0
133,133,0
133,133,0
132,132,0
132,132,0
132,132,0
132,132,0
133,132,1
133,132,1
133,132,1
132,132,0
132,132,0
132,132,0
132,132,0
133,132,1
132,132,0
132,132,0
132,132,0
132,132,0
132,132,0
132,132,0
132,132,0
132,132,0
132,132,0
132,132,0
132,132,0
132,132,0
132,132,0
132,132,0
132,132,0
132,132,0
132,132,0
132,132,0
132,132,0
132,132,0
132,132,0
132,132,0
132,132,0
132,132,0
132,132,0
132,132,0
132,132,0
132,132,0
132,132,0
133,132,1
133,132,1
132,132,0
132,132,0
132,132,0
132,132,0
132,132,0
132,132,0
132,132,0
133,133,0
133,133,0
133,132,1
133,132,1
133,132,1
133,133,0
132,133,-1
132,133,-1
133,133,0
133,133,0
133,133,0
132,133,-1
132,132,0
132,132,0
133,132,1
133,132,1
133,132,1
132,132,0
132,132,0
132,132,0
132,132,0
132,132,0
132,132,0
132,132,0
132,132,0
132,132,0
132,132,0
132,132,0
132,132,0
132,132,0
132,132,0
132,132,0
132,132,0
132,132,0
132,132,0
132,132,0
132,132,0
132,132,0
132,132,0
132,132,0
132,132,0
132,132,0
132,132,0
132,132,0
131,132,-1
131,132,-1
131,132,-1
131,132,-1
132,132,0
132,132,0
132,132,0
132,132,0
132,132,0
131,131,0
131,131,0
131,131,0
132,131,1
132,131,1
132,131,1
132,131,1
131,131,0
131,131,0
131,131,0
131,131,0
131,131,0
131,131,0
131,131,0
131,131,0
131,131,0
131,131,0
131,131,0
130,131,-1
131,131,0
131,131,0
131,131,0
131,131,0
131,131,0
131,131,0
131,131,0
131,131,0
131,131,0
131,131,0
131,131,0
131,131,0
131,131,0
131,131,0
131,131,0
131,131,0
131,131,0
131,131,0
131,131,0
131,131,0
130,131,-1
131,131,0
131,131,0
131,131,0
131,131,0
131,131,0
131,131,0
131,131,0
131,131,0
131,131,0
131,131,0
131,131,0
131,131,0
131,131,0
131,131,0
131,131,0
131,131,0
131,131,0
131,131,0
131,131,0
131,131,0
130,131,-1
131,131,0
131,131,0
131,131,0
131,131,0
131,131,0
131,131,0
131,131,0
131,131,0
131,131,0
131,131,0
131,131,0
131,131,0
131,131,0
131,131,0
131,131,0
131,131,0
131,131,0
131,131,0
131,131,0
131,131,0
131,131,0
131,131,0
131,131,0
131,131,0
131,131,0
131,131,0
131,131,0
131,131,0
131,131,0
131,131,0
131,131,0
131,131,0
131,131,0
131,131,0
131,131,0
131,131,0
130,131,-1
130,131,-1
131,131,0
131,131,0
131,131,0
131,131,0
131,131,0
131,131,0
131,131,0
131,131,0
131,131,0
131,131,0
130,131,-1
130,131,-1
131,131,0
131,131,0
131,131,0
131,131,0
131,131,0
131,131,0
131,131,0
131,131,0
131,131,0
131,131,0
131,131,0
131,131,0
131,131,0
131,131,0
131,131,0
131,131,0
131,131,0
131,131,0
131,131,0
131,131,0
132,131,1
132,131,1
131,131,0
131,131,0
131,131,0
131,131,0
131,132,-1
132,132,0
132,132,0
132,132,0
132,132,0
132,132,0
132,132,0
131,132,-1
132,132,0
132,132,0
132,132,0
132,132,0
131,132,-1
131,132,-1
132,132,0
132,132,0
132,132,0
132,132,0
132,132,0
132,132,0
132,132,0
132,132,0
131,132,-1
131,132,-1
132,132,0
132,132,0
132,132,0
132,132,0
132,132,0
132,132,0
132,132,0
132,132,0
131,132,-1
132,132,0
132,132,0
133,132,1
132,132,0
132,132,0
132,132,0
132,132,0
132,132,0
132,132,0
131,132,-1
131,132,-1
132,132,0
132,132,0
132,132,0
131,132,-1
131,131,0
131,131,0
132,131,1
132,131,1
132,131,1
131,131,0
131,131,0
131,131,0
131,131,0
131,131,0
131,131,0
131,131,0
131,131,0
131,131,0
131,131,0
131,131,0
131,131,0
131,131,0
131,131,0
131,131,0
131,131,0
131,131,0
132,131,1
131,131,0
131,131,0
131,131,0
131,131,0
131,131,0
131,131,0
131,131,0
130,131,-1
131,131,0
131,131,0
130,131,-1
130,131,-1
130,131,-1
131,131,0
131,131,0
131,131,0
131,131,0
130,131,-1
130,130,0
130,130,0
130,131,-1
130,131,-1
131,131,0
131,130,1
131,130,1
131,130,1
130,130,0
130,130,0
131,130,1
131,130,1
130,130,0
130,130,0
130,130,0
130,130,0
130,130,0
129,130,-1
129,130,-1
129,130,-1
130,130,0
131,130,1
131,130,1
130,130,0
130,130,0
130,130,0
130,130,0
130,130,0
130,130,0
130,130,0
130,130,0
131,130,1
131,130,1
130,130,0
130,130,0
130,130,0
130,130,0
130,130,0
130,130,0
130,130,0
130,130,0
130,130,0
130,130,0
130,130,0
130,130,0
130,130,0
131,130,1
131,130,1
131,130,1
130,130,0
130,130,0
130,130,0
130,130,0
130,130,0
130,130,0
130,130,0
131,130,1
131,130,1
130,130,0
130,130,0
130,130,0
130,130,0
131,130,1
131,130,1
130,130,0
130,130,0
130,130,0
130,130,0
130,130,0
130,130,0
130,130,0
130,130,0
130,130,0
130,130,0
130,130,0
130,130,0
130,130,0
129,130,-1
129,130,-1
129,130,-1
130,130,0
130,130,0
129,130,-1
129,130,-1
129,130,-1
130,130,0
130,130,0
130,130,0
130,130,0
130,130,0
130,130,0
130,130,0
130,130,0
129,130,-1
129,130,-1
129,130,-1
130,130,0
130,130,0
130,130,0
130,130,0
130,130,0
130,130,0
130,130,0
130,130,0
130,130,0
130,130,0
130,130,0
130,130,0
130,130,0
130,130,0
130,130,0
130,130,0
130,130,0
130,130,0
130,130,0
130,130,0
131,130,1
130,130,0
130,130,0
130,130,0
130,130,0
131,130,1
130,130,0
130,130,0
130,130,0
130,130,0
130,130,0
130,130,0
130,130,0
130,130,0
131,130,1
131,130,1
131,130,1
130,130,0
130,130,0
130,130,0
130,130,0
130,130,0
130,130,0
130,130,0
131,130,1
131,130,1
130,130,0
130,130,0
130,130,0
130,130,0
130,130,0
130,130,0
130,130,0
130,130,0
131,130,1
130,130,0
130,130,0
130,130,0
130,130,0
131,130,1
132,131,1
131,131,0
130,131,-1
130,131,-1
131,131,0
131,131,0
131,131,0
131,131,0
131,131,0
131,131,0
131,131,0
131,131,0
130,131,-1
130,131,-1
131,131,0
131,131,0
131,131,0
131,131,0
130,131,-1
130,131,-1
131,131,0
131,131,0
131,131,0
131,131,0
131,131,0
131,131,0
131,131,0
131,131,0
131,131,0
131,131,0
131,131,0
131,131,0
131,131,0
131,131,0
131,131,0
131,131,0
131,131,0
131,131,0
131,131,0
131,131,0
131,131,0
130,131,-1
130,131,-1
130,131,-1
130,131,-1
131,130,1
131,130,1
130,130,0
130,130,0
131,130,1
131,130,1
130,130,0
130,130,0
130,130,0
130,130,0
130,130,0
130,130,0
130,131,-1
131,131,0
131,131,0
131,131,0
131,131,0
131,131,0
130,131,-1
131,131,0
131,131,0
131,131,0
131,131,0
131,131,0
131,131,0
131,131,0
131,131,0
130,131,-1
130,131,-1
131,131,0
131,131,0
131,131,0
131,131,0
130,131,-1
131,131,0
131,131,0
131,131,0
131,131,0
131,131,0
131,131,0
131,131,0
130,131,-1
130,131,-1
130,131,-1
130,131,-1
131,131,0
131,131,0
130,131,-1
130,130,0
131,130,1
131,130,1
130,130,0
130,131,-1
130,131,-1
131,131,0
131,131,0
131,131,0
130,131,-1
130,131,-1
131,131,0
131,131,0
131,131,0
131,131,0
131,131,0
132,131,1
132,131,1
132,132,0
131,132,-1
131,132,-1
132,132,0
132,132,0
132,132,0
132,132,0
132,132,0
132,132,0
132,132,0
132,132,0
132,132,0
132,132,0
132,132,0
133,132,1
133,132,1
132,132,0
132,132,0
132,132,0
133,132,1
133,132,1
132,133,-1
132,133,-1
133,133,0
133,132,1
133,132,1
132,132,0
132,132,0
133,132,1
133,132,1
133,132,1
132,133,-1
132,133,-1
132,132,0
133,132,1
132,132,0
132,133,-1
132,133,-1
133,133,0
133,133,0
133,133,0
132,133,-1
132,133,-1
133,133,0
133,133,0
133,133,0
133,133,0
132,133,-1
133,133,0
133,133,0
133,133,0
132,133,-1
133,133,0
133,133,0
133,133,0
133,133,0
133,133,0
133,133,0
133,133,0
133,133,0
133,133,0
133,133,0
133,133,0
134,133,1
134,134,0
134,134,0
133,134,-1
134,134,0
136,136,0
138,138,0
139,139,0
139,139,0
140,140,0
142,142,0
143,143,0
144,144,0
144,144,0
145,145,0
147,147,0
148,148,0
149,149,0
150,150,0
151,151,0
153,153,0
155,155,0
155,155,0
156,156,0
157,157,0
159,159,0
160,160,0
160,160,0
161,161,0
162,162,0
163,163,0
165,165,0
166,166,0
166,166,0
167,167,0
169,169,0
171,171,0
171,171,0
172,172,0
173,173,0
175,175,0
176,176,0
176,176,0
176,176,0
177,177,0
178,178,0
179,179,0
179,179,0
179,179,0
180,180,0
181,181,0
182,182,0
182,182,0
182,182,0
182,182,0
184,184,0
185,185,0
185,185,0
185,185,0
185,185,0
187,187,0
188,188,0
188,188,0
188,188,0
189,189,0
190,190,0
191,190,1
191,191,0
190,191,-1
191,191,0
193,193,0
194,194,0
194,194,0
194,194,0
194,194,0
196,196,0
197,197,0
198,197,1
197,198,-1
198,198,0
200,200,0
201,200,1
201,201,0
200,201,-1
201,201,0
202,201,1
203,201,2
202,201,1
201,201,0
201,201,0
203,201,2
203,202,1
202,202,0
201,202,-1
201,202,-1
203,202,1
203,202,1
202,202,0
201,202,-1
201,202,-1
203,202,1
203,202,1
202,202,0
201,202,-1
201,202,-1
203,202,1
203,202,1
202,202,0
201,202,-1
201,202,-1
203,202,1
203,201,2
202,201,1
200,201,-1
200,201,-1
202,201,1
203,201,2
201,201,0
199,201,-2
199,201,-2
201,201,0
202,201,1
201,201,0
199,201,-2
200,201,-1
202,201,1
203,201,2
201,201,0
199,201,-2
200,201,-1
202,201,1
204,201,3
202,202,0
199,202,-3
200,202,-2
203,201,2
204,201,3
202,202,0
199,202,-3
199,202,-3
202,202,0
204,202,2
201,202,-1
198,202,-4
198,202,-4
203,202,1
206,202,4
203,202,1
197,202,-5
198,202,-4
205,202,3
209,201,8
203,198,5
194,198,-4
194,198,-4
209,197,12
220,194,26
202,194,8
148,148,0
77,77,0
24,31,-7
8,30,-22
18,27,-9
30,26,4
31,25,6
24,25,-1
19,25,-6
22,24,-2
26,24,2
27,24,3
24,24,0
22,24,-2
22,24,-2
25,24,1
26,24,2
25,24,1
23,24,-1
23,25,-2
24,24,0
25,24,1
25,24,1
24,24,0
23,25,-2
23,24,-1
25,24,1
26,24,2
25,24,1
22,24,-2
22,24,-2
24,24,0
27,24,3
26,24,2
22,25,-3
19,25,-6
24,25,-1
31,25,6
30,26,4
18,27,-9
8,30,-22
25,31,-6
77,77,0