VALUE,MEDIAN,DIFF
87,87,0
110,103,7
116,104,12
109,105,4
103,106,-3
105,106,-1
110,107,3
111,107,4
107,107,0
104,107,-3
106,107,-1
109,107,2
110,107,3
107,107,0
105,107,-2
107,107,0
109,107,2
107,106,1
105,106,-1
103,106,-3
105,106,-1
107,105,2
107,105,2
105,105,0
105,105,0
106,105,1
106,105,1
105,105,0
104,105,-1
104,105,-1
105,105,0
105,105,0
104,105,-1
104,105,-1
105,105,0
106,105,1
106,105,1
105,105,0
104,105,-1
105,105,0
105,104,1
104,104,0
103,104,-1
102,104,-2
104,104,0
105,104,1
105,104,1
104,104,0
104,104,0
104,104,0
104,104,0
103,104,-1
103,104,-1
104,104,0
105,104,1
105,104,1
104,104,0
103,104,-1
103,104,-1
104,104,0
104,104,0
103,104,-1
103,104,-1
104,104,0
105,104,1
105,104,1
104,104,0
103,104,-1
103,104,-1
104,104,0
104,104,0
104,104,0
104,104,0
105,104,1
105,104,1
104,104,0
102,104,-2
103,104,-1
104,104,0
106,104,2
105,104,1
104,104,0
103,104,-1
103,103,0
104,103,1
103,103,0
103,103,0
103,103,0
104,103,1
104,103,1
103,103,0
102,103,-1
101,103,-2
102,103,-1
102,103,-1
102,103,-1
103,103,0
104,103,1
104,103,1
103,103,0
102,103,-1
102,103,-1
103,103,0
104,103,1
104,103,1
104,103,1
103,103,0
103,103,0
103,103,0
103,103,0
103,103,0
103,103,0
104,103,1
104,103,1
103,103,0
103,103,0
103,103,0
103,103,0
103,103,0
103,103,0
103,103,0
103,103,0
103,103,0
103,103,0
102,103,-1
102,103,-1
102,103,-1
102,103,-1
103,103,0
103,102,1
103,102,1
102,102,0
101,102,-1
100,102,-2
101,102,-1
102,102,0
103,102,1
103,102,1
102,102,0
102,102,0
102,102,0
103,102,1
102,102,0
102,102,0
102,102,0
103,102,1
103,102,1
102,102,0
101,102,-1
101,102,-1
101,102,-1
101,102,-1
101,102,-1
102,102,0
102,102,0
102,102,0
102,101,1
101,101,0
101,101,0
102,101,1
103,101,2
103,101,2
102,101,1
101,101,0
101,101,0
101,101,0
100,101,-1
99,101,-2
100,101,-1
101,100,1
102,100,2
101,100,1
100,100,0
100,100,0
99,100,-1
100,100,0
99,100,-1
99,100,-1
100,100,0
101,100,1
102,100,2
101,100,1
100,100,0
100,100,0
99,100,-1
99,100,-1
99,100,-1
100,100,0
100,100,0
100,100,0
99,100,-1
99,99,0
100,99,1
101,99,2
101,99,2
100,99,1
99,99,0
98,99,-1
99,99,0
99,99,0
99,99,0
99,99,0
99,99,0
99,99,0
99,99,0
99,99,0
100,99,1
100,99,1
101,99,2
101,100,1
100,100,0
100,100,0
100,100,0
100,100,0
100,100,0
99,100,-1
99,99,0
99,99,0
100,99,1
99,99,0
99,99,0
99,99,0
99,99,0
99,99,0
98,99,-1
98,99,-1
98,99,-1
99,99,0
100,99,1
100,99,1
99,98,1
99,98,1
99,98,1
98,98,0
98,98,0
98,98,0
97,98,-1
97,98,-1
97,98,-1
98,98,0
98,98,0
99,98,1
99,98,1
98,98,0
98,98,0
98,98,0
98,98,0
98,98,0
98,98,0
98,98,0
99,98,1
99,98,1
100,98,2
99,99,0
99,99,0
98,99,-1
98,99,-1
98,99,-1
99,99,0
100,99,1
101,99,2
100,99,1
99,99,0
99,99,0
100,100,0
101,100,1
102,100,2
101,100,1
99,100,-1
98,100,-2
99,99,0
100,99,1
101,99,2
100,99,1
100,99,1
99,99,0
99,99,0
99,99,0
99,99,0
99,99,0
99,100,-1
99,99,0
100,99,1
100,99,1
100,99,1
99,99,0
99,99,0
100,99,1
100,100,0
100,100,0
99,100,-1
99,100,-1
98,100,-2
99,100,-1
100,100,0
100,100,0
101,100,1
101,100,1
101,101,0
101,101,0
101,101,0
100,101,-1
100,101,-1
101,101,0
101,101,0
102,101,1
102,101,1
101,101,0
101,101,0
100,101,-1
100,101,-1
99,101,-2
100,101,-1
101,101,0
101,101,0
101,101,0
101,100,1
100,100,0
99,100,-1
99,100,-1
99,100,-1
100,100,0
101,100,1
101,100,1
101,100,1
100,100,0
99,100,-1
99,100,-1
100,100,0
100,100,0
101,100,1
101,100,1
101,100,1
100,100,0
99,100,-1
99,100,-1
99,100,-1
100,100,0
100,100,0
100,100,0
100,100,0
100,100,0
99,100,-1
99,100,-1
98,100,-2
99,100,-1
101,100,1
102,100,2
103,100,3
102,100,2
100,100,0
100,100,0
99,100,-1
100,100,0
100,100,0
100,100,0
100,99,1
99,99,0
99,99,0
98,99,-1
98,99,-1
99,99,0
99,99,0
99,99,0
99,99,0
98,99,-1
98,99,-1
98,99,-1
98,99,-1
99,99,0
100,100,0
101,101,0
101,101,0
102,102,0
103,103,0
104,104,0
106,105,1
107,105,2
107,105,2
108,105,3
109,105,4
108,105,3
108,105,3
106,105,1
106,105,1
105,105,0
104,104,0
102,102,0
100,100,0
100,100,0
100,100,0
100,100,0
100,100,0
99,100,-1
99,100,-1
100,100,0
100,100,0
100,100,0
100,100,0
100,100,0
100,100,0
100,100,0
99,100,-1
99,100,-1
100,100,0
100,100,0
101,100,1
100,100,0
100,100,0
99,100,-1
100,100,0
101,100,1
102,101,1
102,101,1
102,101,1
101,101,0
100,101,-1
100,101,-1
101,101,0
101,101,0
101,101,0
101,101,0
101,101,0
101,101,0
101,101,0
101,100,1
100,100,0
99,100,-1
99,100,-1
100,100,0
100,100,0
101,100,1
100,100,0
100,100,0
99,100,-1
99,100,-1
99,100,-1
100,100,0
100,100,0
99,100,-1
98,100,-2
98,100,-2
99,100,-1
100,100,0
101,100,1
100,100,0
100,100,0
100,100,0
101,100,1
101,100,1
101,100,1
101,100,1
101,100,1
101,100,1
101,100,1
100,100,0
99,100,-1
99,100,-1
100,100,0
100,100,0
100,100,0
99,100,-1
100,100,0
100,100,0
101,100,1
101,100,1
100,100,0
100,100,0
100,100,0
100,100,0
101,100,1
100,100,0
100,100,0
99,100,-1
99,100,-1
99,100,-1
99,99,0
99,99,0
99,99,0
100,99,1
100,99,1
100,99,1
99,99,0
99,99,0
99,99,0
98,99,-1
98,99,-1
99,100,-1
99,100,-1
99,100,-1
100,100,0
100,100,0
101,100,1
100,100,0
100,100,0
100,100,0
100,100,0
100,100,0
100,100,0
100,100,0
99,100,-1
99,100,-1
99,99,0
98,99,-1
98,99,-1
98,99,-1
99,99,0
99,99,0
99,99,0
100,99,1
100,99,1
99,99,0
99,99,0
99,99,0
100,99,1
100,100,0
100,100,0
99,100,-1
99,100,-1
99,100,-1
100,100,0
101,100,1
100,100,0
100,100,0
100,100,0
100,100,0
100,100,0
100,100,0
100,100,0
100,100,0
100,100,0
101,100,1
101,100,1
101,100,1
101,100,1
100,100,0
98,100,-2
98,100,-2
99,100,-1
100,100,0
101,100,1
100,100,0
99,99,0
99,99,0
98,99,-1
99,99,0
99,99,0
99,99,0
100,99,1
100,99,1
100,99,1
99,99,0
98,99,-1
98,99,-1
98,99,-1
99,99,0
100,100,0
100,100,0
100,100,0
100,100,0
99,100,-1
98,100,-2
99,100,-1
100,100,0
102,100,2
103,100,3
103,100,3
102,100,2
101,100,1
100,100,0
100,100,0
100,101,-1
101,101,0
101,101,0
101,101,0
100,101,-1
100,101,-1
100,101,-1
100,100,0
101,101,0
101,101,0
102,101,1
102,101,1
101,101,0
101,101,0
100,101,-1
100,101,-1
100,102,-2
101,102,-1
102,102,0
103,102,1
103,102,1
102,102,0
102,102,0
102,102,0
102,102,0
102,102,0
103,102,1
103,102,1
103,102,1
102,102,0
102,102,0
101,102,-1
101,102,-1
101,102,-1
102,101,1
103,101,2
102,101,1
101,101,0
101,101,0
101,101,0
101,101,0
101,101,0
101,101,0
101,101,0
101,101,0
101,101,0
101,101,0
101,101,0
101,101,0
101,101,0
102,102,0
102,102,0
103,102,1
103,102,1
102,102,0
102,102,0
102,103,-1
102,103,-1
103,103,0
103,103,0
103,103,0
103,103,0
103,103,0
103,103,0
103,103,0
103,103,0
103,103,0
103,103,0
104,103,1
104,103,1
103,103,0
103,103,0
104,103,1
105,103,2
105,103,2
105,104,1
105,104,1
104,104,0
104,103,1
103,103,0
102,103,-1
102,104,-2
102,104,-2
103,103,0
104,103,1
103,103,0
103,103,0
102,103,-1
103,103,0
104,103,1
104,103,1
104,103,1
103,103,0
102,103,-1
102,103,-1
103,103,0
103,103,0
104,103,1
103,103,0
103,103,0
103,103,0
103,103,0
103,103,0
103,103,0
102,103,-1
102,103,-1
103,103,0
103,103,0
103,103,0
103,103,0
104,103,1
104,103,1
104,103,1
104,103,1
104,103,1
104,104,0
104,104,0
103,104,-1
102,104,-2
101,104,-3
102,104,-2
103,104,-1
104,104,0
104,104,0
105,104,1
106,104,2
107,104,3
107,105,2
106,105,1
105,105,0
105,105,0
104,105,-1
104,105,-1
104,105,-1
105,105,0
106,105,1
106,105,1
106,105,1
105,105,0
104,104,0
104,104,0
104,104,0
105,104,1
104,104,0
104,104,0
104,104,0
105,104,1
105,104,1
104,104,0
103,104,-1
103,104,-1
103,104,-1
103,104,-1
104,104,0
104,104,0
105,104,1
105,104,1
104,104,0
103,105,-2
104,105,-1
105,105,0
106,105,1
106,105,1
106,105,1
105,105,0
105,105,0
105,105,0
106,105,1
106,105,1
107,105,2
106,105,1
105,105,0
104,105,-1
104,105,-1
104,105,-1
105,105,0
105,105,0
105,105,0
104,105,-1
104,105,-1
104,105,-1
104,105,-1
104,105,-1
104,105,-1
105,105,0
106,105,1
107,105,2
106,105,1
106,105,1
105,105,0
105,106,-1
105,106,-1
106,106,0
107,106,1
108,106,2
108,106,2
107,106,1
105,106,-1
105,106,-1
106,106,0
106,106,0
106,106,0
106,106,0
106,106,0
105,106,-1
104,106,-2
104,106,-2
104,106,-2
105,106,-1
106,106,0
106,106,0
107,106,1
107,106,1
106,106,0
105,106,-1
105,106,-1
106,106,0
107,106,1
108,106,2
107,106,1
106,106,0
106,106,0
106,106,0
106,106,0
106,106,0
106,106,0
106,106,0
106,106,0
106,106,0
106,106,0
106,106,0
106,106,0
107,106,1
107,106,1
107,106,1
107,106,1
107,106,1
106,106,0
106,106,0
106,107,-1
106,107,-1
106,107,-1
106,107,-1
106,107,-1
107,107,0
107,107,0
107,107,0
107,107,0
108,107,1
108,107,1
109,107,2
108,107,1
107,107,0
107,107,0
108,107,1
108,107,1
108,108,0
107,108,-1
106,108,-2
106,107,-1
106,107,-1
107,107,0
107,107,0
108,108,0
108,108,0
108,107,1
108,107,1
107,107,0
107,108,-1
107,108,-1
108,108,0
108,108,0
108,108,0
108,108,0
107,108,-1
107,108,-1
108,108,0
108,108,0
108,108,0
108,108,0
108,108,0
108,108,0
109,108,1
109,108,1
109,108,1
109,108,1
108,108,0
108,108,0
108,108,0
108,108,0
108,109,-1
108,109,-1
108,109,-1
108,109,-1
109,109,0
110,109,1
110,109,1
110,109,1
110,109,1
110,109,1
109,109,0
109,109,0
109,109,0
109,109,0
109,109,0
110,109,1
110,109,1
110,109,1
109,109,0
108,109,-1
108,109,-1
109,109,0
109,109,0
110,109,1
110,109,1
110,109,1
109,109,0
108,109,-1
108,109,-1
108,109,-1
109,109,0
110,109,1
110,109,1
110,109,1
109,109,0
109,109,0
109,109,0
109,109,0
109,109,0
109,109,0
109,109,0
109,109,0
108,109,-1
108,109,-1
108,109,-1
108,109,-1
109,109,0
110,109,1
110,109,1
109,109,0
109,109,0
108,109,-1
108,109,-1
108,109,-1
109,109,0
109,109,0
110,109,1
109,109,0
109,109,0
109,109,0
108,109,-1
108,109,-1
109,109,0
110,109,1
110,109,1
110,109,1
110,109,1
109,109,0
109,109,0
110,109,1
111,109,2
111,109,2
110,110,0
109,110,-1
109,110,-1
109,110,-1
109,109,0
108,109,-1
108,110,-2
109,110,-1
110,110,0
111,110,1
111,110,1
110,110,0
110,110,0
109,110,-1
109,110,-1
110,110,0
111,110,1
111,110,1
111,110,1
110,110,0
109,109,0
109,109,0
108,109,-1
109,109,0
109,109,0
110,109,1
110,109,1
109,109,0
108,109,-1
108,109,-1
108,109,-1
109,109,0
109,109,0
109,109,0
109,109,0
109,109,0
108,109,-1
108,109,-1
108,109,-1
109,109,0
109,109,0
109,109,0
109,109,0
109,109,0
108,109,-1
107,109,-2
108,109,-1
108,109,-1
109,109,0
109,109,0
109,109,0
109,109,0
109,109,0
109,109,0
110,109,1
111,109,2
111,110,1
111,110,1
110,110,0
110,110,0
110,110,0
110,110,0
109,110,-1
109,110,-1
110,110,0
111,110,1
111,110,1
110,110,0
110,110,0
109,109,0
109,109,0
109,109,0
109,109,0
109,110,-1
110,109,1
110,109,1
109,109,0
108,109,-1
107,109,-2
108,109,-1
110,109,1
111,109,2
110,109,1
108,109,-1
108,109,-1
108,109,-1
109,109,0
109,109,0
108,109,-1
108,109,-1
108,109,-1
109,109,0
110,109,1
109,109,0
109,109,0
109,109,0
109,109,0
109,109,0
108,109,-1
109,109,0
109,109,0
110,109,1
109,109,0
109,109,0
109,109,0
109,110,-1
110,110,0
110,110,0
110,110,0
110,110,0
110,110,0
110,110,0
110,110,0
110,110,0
110,110,0
110,110,0
109,109,0
109,109,0
109,109,0
109,109,0
109,109,0
109,109,0
108,109,-1
109,109,0
109,109,0
109,109,0
110,109,1
110,109,1
110,110,0
110,110,0
110,110,0
109,110,-1
109,110,-1
110,110,0
110,110,0
110,110,0
110,110,0
110,110,0
111,110,1
111,110,1
111,110,1
110,110,0
110,110,0
110,110,0
111,110,1
111,111,0
111,111,0
110,111,-1
110,111,-1
110,111,-1
110,111,-1
111,111,0
111,111,0
112,111,1
112,111,1
112,111,1
112,111,1
111,111,0
111,111,0
111,111,0
111,111,0
112,111,1
112,112,0
112,112,0
111,111,0
110,111,-1
110,111,-1
110,111,-1
111,111,0
112,112,0
112,112,0
112,112,0
112,112,0
111,112,-1
111,112,-1
111,112,-1
112,112,0
112,112,0
113,112,1
113,112,1
112,112,0
111,112,-1
112,112,0
112,112,0
113,112,1
113,112,1
114,112,2
114,113,1
113,113,0
112,113,-1
112,113,-1
112,113,-1
113,113,0
113,113,0
112,113,-1
112,113,-1
113,113,0
113,113,0
113,113,0
113,113,0
113,113,0
113,113,0
114,113,1
114,113,1
113,113,0
111,113,-2
111,113,-2
112,113,-1
113,113,0
114,113,1
114,113,1
113,113,0
112,113,-1
111,113,-2
112,112,0
112,112,0
113,112,1
113,113,0
113,113,0
113,113,0
113,113,0
112,112,0
112,112,0
112,113,-1
112,113,-1
112,113,-1
114,113,1
114,113,1
113,113,0
113,112,1
112,112,0
112,113,-1
113,113,0
113,113,0
113,113,0
113,113,0
112,113,-1
112,113,-1
112,112,0
113,112,1
113,112,1
114,113,1
113,113,0
112,113,-1
112,112,0
112,112,0
112,112,0
112,112,0
112,113,-1
113,113,0
113,113,0
114,113,1
113,113,0
112,113,-1
111,113,-2
112,113,-1
113,113,0
114,113,1
114,113,1
114,113,1
113,113,0
113,113,0
113,113,0
113,113,0
113,113,0
114,113,1
114,114,0
114,113,1
113,113,0
113,113,0
113,113,0
113,113,0
114,113,1
115,113,2
115,114,1
114,114,0
113,113,0
113,113,0
113,113,0
113,113,0
113,113,0
114,114,0
114,113,1
114,113,1
114,113,1
113,113,0
113,113,0
113,113,0
113,113,0
114,113,1
114,114,0
113,113,0
112,113,-1
112,113,-1
113,113,0
113,113,0
114,113,1
114,113,1
114,113,1
114,113,1
113,113,0
113,113,0
112,113,-1
113,113,0
113,113,0
113,113,0
113,113,0
113,113,0
112,113,-1
112,113,-1
113,113,0
114,113,1
114,113,1
113,113,0
113,113,0
113,113,0
113,113,0
113,113,0
113,113,0
114,113,1
115,113,2
115,113,2
115,113,2
114,113,1
113,113,0
113,113,0
112,113,-1
113,113,0
113,113,0
113,113,0
113,113,0
113,113,0
113,113,0
113,113,0
113,113,0
114,113,1
114,113,1
114,113,1
114,113,1
114,114,0
113,114,-1
113,114,-1
112,114,-2
113,114,-1
114,114,0
115,114,1
115,114,1
115,114,1
114,114,0
114,114,0
114,114,0
114,114,0
114,114,0
114,114,0
115,114,1
115,114,1
115,114,1
114,114,0
113,114,-1
114,114,0
114,114,0
115,114,1
115,114,1
115,114,1
115,114,1
114,114,0
114,114,0
113,114,-1
113,114,-1
114,114,0
115,114,1
115,114,1
114,114,0
113,114,-1
112,114,-2
113,114,-1
114,114,0
115,114,1
115,114,1
115,114,1
114,114,0
113,114,-1
113,114,-1
113,114,-1
114,114,0
114,114,0
114,114,0
114,114,0
114,114,0
113,114,-1
112,114,-2
112,114,-2
113,114,-1
114,114,0
115,114,1
115,114,1
115,114,1
114,114,0
114,114,0
114,114,0
115,114,1
116,115,1
116,115,1
116,115,1
115,115,0
114,114,0
114,114,0
114,114,0
114,114,0
115,114,1
115,114,1
115,114,1
114,114,0
114,114,0
114,114,0
114,114,0
114,114,0
114,114,0
115,114,1
115,114,1
114,114,0
114,114,0
114,114,0
114,114,0
114,114,0
114,114,0
115,115,0
116,115,1
117,115,2
116,115,1
115,115,0
114,115,-1
114,115,-1
116,116,0
117,116,1
118,116,2
117,116,1
116,116,0
115,116,-1
115,116,-1
115,116,-1
116,116,0
116,116,0
116,116,0
116,116,0
116,116,0
115,116,-1
114,115,-1
114,115,-1
115,115,0
116,115,1
116,115,1
116,115,1
116,115,1
115,115,0
114,115,-1
114,115,-1
114,115,-1
114,115,-1
115,115,0
116,115,1
115,115,0
115,115,0
115,115,0
115,115,0
115,115,0
115,115,0
116,115,1
116,115,1
116,115,1
115,115,0
115,115,0
115,115,0
115,115,0
116,115,1
116,115,1
116,116,0
116,116,0
115,115,0
115,115,0
115,116,-1
115,116,-1
115,116,-1
116,116,0
116,116,0
116,116,0
116,116,0
115,116,-1
116,116,0
116,116,0
117,116,1
116,116,0
116,116,0
116,116,0
115,116,-1
115,116,-1
115,116,-1
115,116,-1
115,116,-1
116,115,1
116,115,1
116,115,1
115,115,0
115,115,0
115,115,0
116,115,1
116,115,1
115,115,0
115,115,0
115,115,0
115,115,0
115,115,0
115,116,-1
115,116,-1
116,116,0
116,116,0
117,116,1
117,116,1
117,116,1
116,116,0
116,116,0
116,116,0
117,116,1
117,117,0
118,117,1
118,117,1
117,116,1
116,116,0
115,116,-1
116,116,0
116,116,0
117,116,1
117,116,1
116,116,0
116,116,0
116,116,0
115,116,-1
115,116,-1
115,116,-1
116,116,0
117,116,1
117,116,1
117,116,1
116,116,0
116,116,0
116,116,0
117,116,1
117,117,0
117,117,0
117,117,0
116,117,-1
116,117,-1
116,116,0
116,116,0
117,117,0
118,117,1
118,117,1
117,117,0
117,117,0
116,117,-1
116,117,-1
116,117,-1
116,117,-1
117,117,0
117,117,0
118,117,1
117,117,0
117,117,0
116,117,-1
117,117,0
117,117,0
118,117,1
118,117,1
118,117,1
117,117,0
117,117,0
116,117,-1
116,117,-1
117,117,0
117,117,0
118,117,1
118,117,1
117,117,0
116,117,-1
115,117,-2
115,117,-2
116,117,-1
117,117,0
119,117,2
119,118,1
118,118,0
117,117,0
117,117,0
117,117,0
118,117,1
118,118,0
118,118,0
118,118,0
118,118,0
118,118,0
117,117,0
117,117,0
117,118,-1
117,118,-1
118,118,0
119,118,1
118,118,0
117,117,0
116,117,-1
116,117,-1
117,117,0
118,117,1
118,117,1
119,118,1
118,117,1
117,117,0
116,117,-1
116,117,-1
116,117,-1
117,117,0
118,117,1
118,117,1
118,117,1
117,117,0
116,117,-1
116,117,-1
116,117,-1
117,117,0
118,117,1
119,117,2
118,117,1
117,117,0
115,117,-2
115,117,-2
116,117,-1
117,117,0
119,117,2
120,117,3
119,117,2
118,117,1
116,117,-1
116,116,0
116,117,-1
117,117,0
117,117,0
117,117,0
117,117,0
116,116,0
115,116,-1
115,116,-1
116,116,0
117,116,1
117,117,0
117,117,0
116,117,-1
115,116,-1
114,116,-2
115,116,-1
116,117,-1
117,117,0
118,117,1
119,117,2
118,117,1
118,117,1
116,117,-1
116,117,-1
117,117,0
118,117,1
119,118,1
119,118,1
118,118,0
117,118,-1
116,117,-1
116,117,-1
116,117,-1
117,118,-1
118,118,0
119,118,1
118,118,0
118,117,1
117,117,0
117,117,0
117,117,0
118,117,1
119,117,2
119,117,2
118,117,1
117,117,0
117,117,0
117,117,0
117,117,0
117,117,0
117,117,0
117,117,0
117,117,0
118,117,1
117,117,0
116,117,-1
115,117,-2
115,117,-2
116,117,-1
117,117,0
117,117,0
116,117,-1
116,116,0
116,116,0
116,116,0
117,116,1
118,116,2
118,117,1
117,117,0
117,117,0
116,116,0
116,116,0
116,116,0
116,116,0
117,117,0
117,117,0
117,117,0
117,117,0
116,116,0
116,116,0
116,116,0
116,117,-1
116,117,-1
117,117,0
117,117,0
117,117,0
117,117,0
116,117,-1
116,117,-1
117,117,0
118,117,1
118,117,1
118,117,1
118,117,1
117,117,0
116,117,-1
116,117,-1
117,117,0
118,117,1
118,118,0
118,118,0
118,118,0
117,117,0
117,117,0
116,117,-1
117,117,0
117,118,-1
118,118,0
118,118,0
118,118,0
118,118,0
117,117,0
117,118,-1
117,118,-1
118,118,0
118,118,0
118,118,0
118,118,0
118,118,0
117,118,-1
117,118,-1
118,118,0
119,118,1
120,118,2
119,118,1
118,118,0
118,118,0
118,118,0
118,118,0
118,118,0
119,118,1
119,119,0
119,118,1
119,118,1
118,118,0
118,118,0
118,118,0
118,118,0
119,118,1
119,118,1
119,118,1
118,118,0
118,118,0
119,118,1
118,118,0
118,118,0
118,118,0
118,118,0
119,118,1
119,118,1
118,118,0
117,118,-1
117,118,-1
117,118,-1
118,118,0
119,118,1
119,118,1
119,118,1
118,118,0
117,117,0
116,117,-1
116,117,-1
117,118,-1
118,118,0
118,118,0
118,118,0
117,118,-1
117,118,-1
117,117,0
117,117,0
118,117,1
118,117,1
119,118,1
119,118,1
119,118,1
118,118,0
117,118,-1
117,118,-1
117,118,-1
117,118,-1
117,118,-1
118,118,0
118,118,0
118,118,0
118,118,0
117,118,-1
117,118,-1
118,118,0
119,118,1
120,118,2
119,118,1
119,118,1
118,118,0
118,118,0
118,118,0
119,118,1
119,118,1
120,118,2
119,118,1
118,118,0
118,118,0
117,118,-1
117,118,-1
117,118,-1
118,118,0
118,118,0
118,118,0
118,118,0
118,118,0
117,118,-1
117,118,-1
118,118,0
119,118,1
120,118,2
119,118,1
118,118,0
117,118,-1
116,118,-2
117,118,-1
118,118,0
119,118,1
120,119,1
120,118,2
119,118,1
118,118,0
118,118,0
118,118,0
118,118,0
119,119,0
120,119,1
119,119,0
118,118,0
117,118,-1
117,118,-1
118,118,0
119,118,1
120,118,2
120,119,1
119,119,0
118,119,-1
117,118,-1
117,118,-1
117,119,-2
118,119,-1
119,119,0
119,119,0
119,119,0
119,119,0
119,119,0
118,119,-1
118,119,-1
119,119,0
119,119,0
120,119,1
120,119,1
120,119,1
119,119,0
119,119,0
119,119,0
119,119,0
120,119,1
120,119,1
120,120,0
119,119,0
119,119,0
118,119,-1
119,119,0
119,119,0
120,119,1
120,119,1
120,119,1
120,119,1
119,119,0
118,119,-1
117,119,-2
117,119,-2
118,119,-1
119,119,0
119,119,0
119,119,0
118,119,-1
118,119,-1
119,119,0
119,119,0
119,119,0
119,119,0
119,119,0
119,119,0
119,119,0
118,119,-1
118,119,-1
119,119,0
120,119,1
120,119,1
120,119,1
119,119,0
118,119,-1
118,119,-1
118,119,-1
119,119,0
119,119,0
119,119,0
120,119,1
120,119,1
119,119,0
118,119,-1
118,119,-1
118,119,-1
119,119,0
120,119,1
121,119,2
120,119,1
120,119,1
119,119,0
119,119,0
119,119,0
120,119,1
120,119,1
120,119,1
119,119,0
119,119,0
119,119,0
119,119,0
119,119,0
119,119,0
119,119,0
119,119,0
119,119,0
118,119,-1
118,119,-1
118,119,-1
119,119,0
119,119,0
119,119,0
119,119,0
119,119,0
118,118,0
117,118,-1
117,118,-1
118,118,0
119,119,0
119,119,0
119,118,1
118,118,0
117,118,-1
116,118,-2
117,118,-1
118,118,0
119,118,1
119,118,1
119,118,1
118,118,0
117,118,-1
116,117,-1
116,118,-2
117,118,-1
118,118,0
118,118,0
119,118,1
118,118,0
117,118,-1
117,118,-1
117,118,-1
118,118,0
118,118,0
119,118,1
119,118,1
120,118,2
119,118,1
118,118,0
118,118,0
118,118,0
119,119,0
120,119,1
120,119,1
119,119,0
118,119,-1
117,119,-2
117,119,-2
118,119,-1
119,119,0
119,119,0
119,119,0
120,119,1
120,119,1
119,119,0
118,119,-1
118,119,-1
119,119,0
119,119,0
120,119,1
120,119,1
119,119,0
118,119,-1
117,119,-2
117,119,-2
118,119,-1
119,119,0
120,119,1
120,119,1
119,119,0
118,119,-1
118,119,-1
118,119,-1
119,119,0
120,119,1
121,119,2
121,119,2
120,119,1
119,119,0
118,119,-1
119,119,0
119,119,0
120,120,0
120,120,0
119,119,0
119,119,0
119,119,0
119,119,0
120,119,1
120,119,1
120,119,1
120,119,1
119,119,0
118,119,-1
117,119,-2
117,119,-2
117,119,-2
119,119,0
121,119,2
121,119,2
120,119,1
118,119,-1
117,118,-1
116,119,-3
117,119,-2
119,119,0
120,119,1
121,120,1
120,119,1
119,119,0
118,119,-1
118,119,-1
119,119,0
120,119,1
121,119,2
121,120,1
120,120,0
119,120,-1
119,120,-1
118,120,-2
119,120,-1
119,120,-1
120,120,0
121,120,1
121,120,1
121,120,1
120,120,0
120,120,0
120,120,0
121,120,1
121,120,1
121,120,1
121,120,1
120,120,0
119,120,-1
118,120,-2
118,120,-2
119,120,-1
120,120,0
121,120,1
121,120,1
120,120,0
119,120,-1
119,119,0
119,120,-1
120,120,0
121,120,1
121,120,1
121,120,1
120,120,0
119,119,0
118,119,-1
119,119,0
120,119,1
121,119,2
120,119,1
119,119,0
118,119,-1
118,119,-1
118,119,-1
118,119,-1
118,119,-1
119,119,0
120,119,1
120,119,1
119,118,1
118,118,0
118,118,0
118,118,0
120,119,1
121,119,2
121,119,2
119,119,0
118,119,-1
118,119,-1
118,119,-1
118,119,-1
119,119,0
119,119,0
120,119,1
120,119,1
120,119,1
119,119,0
118,119,-1
118,119,-1
119,119,0
119,119,0
120,119,1
119,119,0
118,119,-1
117,119,-2
117,119,-2
118,119,-1
119,119,0
119,119,0
120,119,1
120,120,0
120,119,1
120,119,1
119,119,0
119,120,-1
120,120,0
121,120,1
121,120,1
121,120,1
120,120,0
118,120,-2
118,120,-2
119,120,-1
120,120,0
121,120,1
121,120,1
121,120,1
120,120,0
119,120,-1
119,120,-1
120,120,0
120,120,0
121,120,1
121,120,1
121,120,1
120,120,0
119,120,-1
118,120,-2
118,120,-2
118,120,-2
120,120,0
120,120,0
120,120,0
120,120,0
119,120,-1
119,119,0
119,119,0
120,120,0
121,120,1
121,120,1
121,120,1
120,119,1
118,119,-1
118,119,-1
118,119,-1
119,119,0
120,119,1
120,119,1
119,119,0
119,119,0
119,119,0
119,119,0
119,119,0
119,119,0
120,119,1
121,119,2
121,119,2
120,119,1
119,119,0
119,119,0
118,119,-1
119,119,0
120,119,1
121,120,1
120,120,0
119,119,0
118,119,-1
118,119,-1
118,119,-1
119,120,-1
120,120,0
120,120,0
120,120,0
120,120,0
119,120,-1
119,120,-1
120,120,0
120,120,0
120,120,0
121,120,1
121,120,1
121,120,1
120,120,0
119,120,-1
119,120,-1
119,120,-1
120,120,0
121,120,1
121,120,1
121,120,1
120,120,0
120,120,0
119,120,-1
119,120,-1
120,120,0
120,120,0
121,120,1
121,120,1
120,120,0
118,120,-2
118,120,-2
118,120,-2
120,120,0
121,120,1
121,120,1
121,120,1
120,119,1
119,119,0
119,119,0
119,119,0
119,119,0
120,119,1
120,119,1
119,119,0
119,119,0
118,119,-1
118,119,-1
119,120,-1
119,120,-1
120,120,0
120,120,0
120,120,0
120,120,0
120,120,0
120,120,0
121,120,1
121,120,1
121,120,1
122,121,1
122,121,1
122,121,1
121,121,0
120,121,-1
119,121,-2
120,121,-1
122,121,1
123,121,2
122,121,1
121,121,0
119,120,-1
119,120,-1
120,120,0
120,120,0
121,120,1
121,120,1
121,120,1
120,120,0
119,120,-1
118,120,-2
118,120,-2
119,120,-1
120,120,0
121,120,1
121,120,1
120,120,0
119,120,-1
119,120,-1
120,120,0
121,120,1
122,120,2
122,121,1
121,121,0
120,120,0
119,120,-1
119,120,-1
120,120,0
121,120,1
121,121,0
121,121,0
121,120,1
120,120,0
119,120,-1
118,120,-2
119,120,-1
120,120,0
121,120,1
121,120,1
121,120,1
120,120,0
120,120,0
119,120,-1
120,120,0
120,120,0
120,120,0
120,120,0
120,120,0
120,120,0
119,120,-1
119,120,-1
119,120,-1
119,120,-1
121,120,1
121,120,1
121,120,1
120,120,0
119,120,-1
119,119,0
119,120,-1
120,120,0
120,120,0
121,120,1
121,120,1
120,120,0
119,120,-1
119,120,-1
119,120,-1
120,120,0
121,120,1
121,120,1
121,121,0
120,120,0
120,120,0
120,120,0
120,121,-1
121,121,0
122,121,1
123,121,2
122,121,1
121,121,0
120,121,-1
120,121,-1
121,121,0
122,121,1
122,121,1
122,121,1
121,121,0
120,121,-1
119,120,-1
119,120,-1
119,120,-1
120,120,0
121,120,1
122,120,2
122,120,2
120,120,0
119,120,-1
118,119,-1
119,119,0
120,120,0
121,120,1
121,120,1
120,120,0
118,120,-2
118,120,-2
117,119,-2
118,120,-2
119,120,-1
120,120,0
121,120,1
121,120,1
121,120,1
120,120,0
119,120,-1
119,120,-1
120,120,0
122,121,1
123,121,2
123,121,2
122,121,1
121,121,0
120,120,0
120,121,-1
120,121,-1
122,122,0
123,122,1
123,122,1
122,121,1
120,121,-1
119,121,-2
120,120,0
121,121,0
122,121,1
122,121,1
122,121,1
121,121,0
120,121,-1
120,121,-1
120,121,-1
120,121,-1
121,121,0
122,121,1
122,121,1
122,121,1
121,120,1
119,120,-1
118,120,-2
119,120,-1
120,120,0
121,121,0
121,121,0
121,120,1
120,120,0
119,120,-1
118,120,-2
119,120,-1
120,120,0
121,120,1
122,121,1
122,120,2
120,120,0
119,120,-1
119,120,-1
120,120,0
122,120,2
122,120,2
122,121,1
122,120,2
120,120,0
119,120,-1
118,120,-2
118,120,-2
119,120,-1
121,120,1
121,120,1
121,120,1
120,120,0
119,120,-1
118,120,-2
119,120,-1
119,121,-2
120,121,-1
120,121,-1
121,121,0
121,121,0
121,121,0
121,121,0
121,121,0
121,121,0
122,121,1
122,121,1
121,121,0
120,121,-1
120,121,-1
121,121,0
121,121,0
122,121,1
122,121,1
121,121,0
120,121,-1
120,121,-1
119,121,-2
119,121,-2
120,121,-1
120,121,-1
121,121,0
121,121,0
121,121,0
121,121,0
121,121,0
121,121,0
122,121,1
122,121,1
123,121,2
122,121,1
121,121,0
121,121,0
121,121,0
121,122,-1
122,122,0
122,122,0
122,122,0
122,122,0
122,122,0
121,122,-1
121,122,-1
121,122,-1
122,122,0
122,122,0
122,122,0
122,122,0
122,122,0
122,122,0
122,122,0
123,122,1
123,122,1
124,122,2
124,122,2
123,123,0
122,123,-1
121,123,-2
122,123,-1
122,123,-1
123,123,0
123,123,0
123,123,0
123,122,1
123,122,1
122,122,0
122,122,0
122,122,0
122,122,0
123,122,1
123,122,1
122,122,0
121,122,-1
121,122,-1
121,122,-1
121,122,-1
122,122,0
123,122,1
123,122,1
122,122,0
121,121,0
120,121,-1
120,121,-1
121,121,0
121,121,0
122,122,0
123,121,2
123,121,2
122,121,1
121,121,0
120,121,-1
120,121,-1
121,121,0
122,121,1
122,122,0
121,122,-1
120,121,-1
120,121,-1
120,121,-1
121,121,0
122,121,1
123,122,1
123,122,1
123,122,1
122,121,1
120,121,-1
120,121,-1
121,121,0
122,122,0
123,122,1
123,122,1
122,122,0
121,122,-1
121,121,0
121,121,0
121,121,0
121,121,0
122,122,0
122,122,0
122,122,0
122,121,1
120,121,-1
119,121,-2
119,121,-2
121,121,0
123,122,1
124,122,2
124,122,2
123,122,1
121,121,0
120,121,-1
120,121,-1
121,122,-1
123,122,1
124,123,1
124,122,2
122,122,0
121,122,-1
120,122,-2
120,122,-2
122,122,0
123,122,1
123,122,1
123,122,1
122,122,0
122,122,0
121,122,-1
121,122,-1
121,122,-1
122,122,0
123,122,1
123,122,1
122,122,0
121,122,-1
121,122,-1
121,121,0
121,121,0
122,122,0
123,122,1
123,122,1
123,122,1
122,121,1
120,121,-1
120,121,-1
120,122,-2
121,122,-1
122,122,0
123,122,1
122,122,0
121,122,-1
121,122,-1
121,122,-1
122,122,0
122,122,0
123,122,1
123,122,1
123,122,1
122,122,0
122,122,0
121,122,-1
121,122,-1
122,122,0
123,122,1
123,123,0
123,123,0
122,122,0
121,122,-1
121,122,-1
122,122,0
123,123,0
124,123,1
125,123,2
124,123,1
123,123,0
122,123,-1
122,123,-1
122,123,-1
123,123,0
124,123,1
124,123,1
123,123,0
123,123,0
122,122,0
122,122,0
122,122,0
123,122,1
123,122,1
123,122,1
122,122,0
122,122,0
121,122,-1
122,122,0
122,122,0
122,122,0
122,122,0
123,122,1
123,122,1
122,122,0
120,122,-2
120,122,-2
121,122,-1
122,122,0
123,122,1
123,122,1
122,122,0
121,121,0
121,121,0
121,121,0
121,121,0
121,121,0
122,122,0
123,121,2
123,121,2
121,121,0
120,121,-1
119,121,-2
121,121,0
122,122,0
123,122,1
122,122,0
121,122,-1
121,122,-1
121,122,-1
122,122,0
122,122,0
123,122,1
123,122,1
123,122,1
123,122,1
122,122,0
122,122,0
122,122,0
122,122,0
122,122,0
122,122,0
123,122,1
122,122,0
122,122,0
121,122,-1
120,122,-2
121,122,-1
122,122,0
122,121,1
122,121,1
121,121,0
120,121,-1
119,121,-2
120,120,0
120,120,0
121,120,1
122,120,2
121,120,1
120,120,0
119,120,-1
119,120,-1
119,120,-1
120,120,0
120,120,0
121,120,1
122,120,2
122,120,2
121,120,1
120,120,0
119,120,-1
119,120,-1
120,120,0
121,120,1
121,121,0
121,120,1
120,120,0
119,120,-1
119,120,-1
119,120,-1
120,120,0
121,120,1
122,121,1
122,121,1
120,121,-1
118,120,-2
118,120,-2
119,120,-1
121,121,0
123,121,2
123,121,2
122,121,1
122,121,1
121,121,0
120,121,-1
120,121,-1
120,121,-1
122,122,0
123,122,1
123,122,1
121,121,0
120,121,-1
120,121,-1
120,121,-1
122,121,1
122,121,1
123,121,2
122,121,1
121,121,0
120,121,-1
119,120,-1
120,121,-1
121,121,0
122,121,1
122,121,1
121,121,0
120,121,-1
120,121,-1
120,120,0
120,121,-1
121,121,0
122,121,1
122,121,1
122,121,1
121,121,0
120,121,-1
120,121,-1
120,121,-1
121,121,0
122,121,1
122,121,1
122,121,1
121,121,0
120,120,0
119,120,-1
119,120,-1
120,120,0
121,120,1
122,120,2
122,120,2
120,120,0
119,120,-1
119,120,-1
120,120,0
120,120,0
120,120,0
121,120,1
121,120,1
120,120,0
120,120,0
120,120,0
120,120,0
121,120,1
122,121,1
122,121,1
122,121,1
121,121,0
121,120,1
120,120,0
120,120,0
120,121,-1
121,121,0
121,121,0
121,121,0
120,121,-1
120,121,-1
120,120,0
120,120,0
120,121,-1
121,121,0
122,121,1
123,121,2
122,121,1
121,120,1
120,120,0
120,121,-1
121,121,0
122,121,1
122,121,1
121,121,0
120,121,-1
120,121,-1
120,121,-1
120,121,-1
121,121,0
122,122,0
123,122,1
123,122,1
122,122,0
121,122,-1
121,122,-1
122,122,0
123,122,1
123,123,0
123,123,0
123,123,0
123,123,0
123,122,1
121,122,-1
121,123,-2
122,123,-1
123,123,0
124,123,1
123,123,0
121,123,-2
120,122,-2
120,122,-2
122,122,0
123,122,1
124,123,1
124,123,1
123,122,1
122,122,0
122,122,0
122,123,-1
122,123,-1
123,123,0
123,123,0
123,123,0
122,123,-1
122,123,-1
123,123,0
123,123,0
124,123,1
125,123,2
125,123,2
125,123,2
124,123,1
122,123,-1
122,123,-1
122,124,-2
123,124,-1
125,124,1
125,125,0
125,124,1
124,124,0
122,124,-2
122,123,-1
123,123,0
125,124,1
126,124,2
126,124,2
126,124,2
124,124,0
123,123,0
122,123,-1
123,123,0
123,123,0
124,123,1
125,123,2
124,123,1
123,122,1
122,122,0
121,122,-1
121,122,-1
122,122,0
122,122,0
122,122,0
122,122,0
122,122,0
122,122,0
121,122,-1
121,122,-1
121,122,-1
123,122,1
124,122,2
124,122,2
122,122,0
121,122,-1
120,122,-2
120,122,-2
122,122,0
123,122,1
123,122,1
123,122,1
122,122,0
121,122,-1
121,122,-1
121,122,-1
122,122,0
123,122,1
124,122,2
123,122,1
123,122,1
121,122,-1
121,122,-1
121,122,-1
122,122,0
122,122,0
123,122,1
122,122,0
122,122,0
122,122,0
121,122,-1
121,122,-1
122,122,0
123,122,1
124,122,2
124,122,2
124,122,2
123,122,1
122,122,0
121,122,-1
122,122,0
122,123,-1
123,123,0
123,123,0
123,122,1
121,122,-1
121,122,-1
121,122,-1
122,122,0
123,122,1
123,122,1
123,122,1
122,122,0
121,122,-1
121,122,-1
121,122,-1
121,122,-1
122,122,0
123,123,0
123,123,0
123,123,0
123,122,1
122,122,0
122,123,-1
122,123,-1
123,123,0
124,123,1
125,123,2
124,123,1
123,123,0
122,123,-1
122,123,-1
123,123,0
124,123,1
124,123,1
124,123,1
122,123,-1
122,123,-1
122,123,-1
123,123,0
123,123,0
123,123,0
123,123,0
123,123,0
123,123,0
122,123,-1
121,123,-2
121,123,-2
122,123,-1
124,123,1
125,123,2
125,123,2
123,123,0
122,123,-1
121,122,-1
122,123,-1
123,123,0
125,123,2
125,123,2
125,123,2
124,123,1
122,123,-1
122,123,-1
122,123,-1
123,123,0
123,123,0
124,123,1
124,123,1
123,123,0
122,123,-1
122,123,-1
122,123,-1
123,123,0
124,123,1
125,123,2
124,123,1
123,123,0
122,123,-1
122,122,0
122,122,0
123,123,0
123,123,0
123,123,0
123,123,0
122,123,-1
121,123,-2
121,123,-2
121,123,-2
122,123,-1
123,123,0
124,123,1
123,123,0
123,123,0
122,123,-1
123,123,0
124,123,1
124,123,1
124,123,1
124,123,1
123,123,0
122,123,-1
122,123,-1
122,123,-1
122,123,-1
123,123,0
123,123,0
123,123,0
123,123,0
123,123,0
122,122,0
121,122,-1
121,122,-1
122,123,-1
123,123,0
124,123,1
124,123,1
123,123,0
122,122,0
121,122,-1
121,122,-1
121,122,-1
123,123,0
124,123,1
124,123,1
123,123,0
122,122,0
121,122,-1
121,122,-1
122,122,0
123,123,0
124,123,1
124,123,1
123,122,1
121,122,-1
120,122,-2
120,122,-2
122,122,0
124,122,2
124,123,1
123,123,0
122,122,0
121,122,-1
122,122,0
122,122,0
122,122,0
123,122,1
123,123,0
124,122,2
123,122,1
122,122,0
122,122,0
122,122,0
122,122,0
123,122,1
123,122,1
123,122,1
122,122,0
121,122,-1
120,122,-2
120,122,-2
121,122,-1
122,122,0
123,122,1
123,122,1
122,122,0
121,121,0
121,121,0
121,121,0
122,122,0
122,122,0
122,122,0
122,122,0
121,122,-1
121,122,-1
121,122,-1
121,122,-1
122,122,0
122,122,0
122,122,0
123,122,1
122,122,0
122,121,1
120,121,-1
119,121,-2
119,121,-2
121,122,-1
122,122,0
123,122,1
122,122,0
121,121,0
120,121,-1
120,121,-1
120,121,-1
121,122,-1
122,122,0
122,122,0
123,122,1
122,121,1
121,121,0
121,121,0
122,121,1
122,121,1
123,121,2
122,122,0
121,122,-1
120,122,-2
120,121,-1
120,121,-1
120,121,-1
120,121,-1
121,121,0
122,121,1
122,121,1
122,121,1
122,121,1
121,121,0
121,121,0
121,122,-1
122,122,0
122,122,0
123,122,1
122,122,0
121,122,-1
120,121,-1
121,121,0
123,121,2
123,122,1
123,122,1
122,122,0
121,121,0
121,121,0
121,121,0
121,121,0
121,121,0
122,121,1
122,121,1
122,121,1
121,121,0
120,121,-1
120,121,-1
120,121,-1
121,121,0
121,121,0
121,121,0
121,121,0
120,121,-1
119,120,-1
119,120,-1
120,121,-1
121,121,0
122,121,1
122,121,1
121,121,0
120,121,-1
120,121,-1
120,121,-1
121,121,0
121,121,0
121,121,0
121,121,0
121,121,0
121,121,0
120,121,-1
120,121,-1
120,121,-1
121,121,0
122,121,1
123,121,2
122,121,1
120,121,-1
119,121,-2
120,121,-1
121,121,0
122,121,1
122,121,1
121,121,0
121,121,0
121,121,0
121,121,0
121,121,0
121,121,0
122,121,1
123,122,1
124,122,2
123,122,1
122,122,0
121,122,-1
121,122,-1
121,122,-1
122,122,0
123,122,1
124,123,1
123,122,1
122,122,0
120,122,-2
120,122,-2
121,122,-1
123,122,1
124,122,2
124,122,2
123,122,1
122,122,0
121,122,-1
121,122,-1
122,122,0
122,122,0
123,122,1
123,122,1
122,122,0
122,122,0
121,122,-1
121,122,-1
121,122,-1
122,122,0
124,122,2
124,122,2
124,122,2
123,122,1
122,122,0
121,122,-1
121,122,-1
122,122,0
123,123,0
123,123,0
123,122,1
122,122,0
120,122,-2
120,122,-2
121,121,0
123,122,1
124,122,2
123,122,1
122,122,0
121,121,0
121,121,0
121,121,0
121,121,0
121,121,0
122,121,1
123,121,2
122,121,1
121,121,0
120,121,-1
120,121,-1
121,121,0
121,121,0
121,122,-1
122,122,0
123,122,1
123,121,2
123,121,2
121,121,0
121,122,-1
122,122,0
123,122,1
123,122,1
122,122,0
120,122,-2
120,122,-2
121,121,0
122,121,1
123,122,1
123,122,1
122,122,0
121,122,-1
120,121,-1
119,121,-2
120,122,-2
121,122,-1
123,122,1
123,122,1
123,122,1
122,122,0
121,121,0
121,121,0
122,121,1
122,121,1
122,121,1
122,121,1
122,121,1
121,121,0
120,121,-1
120,121,-1
120,121,-1
121,121,0
121,121,0
121,121,0
121,121,0
120,121,-1
119,121,-2
119,121,-2
120,121,-1
121,121,0
121,121,0
121,121,0
121,120,1
121,120,1
121,120,1
121,120,1
120,120,0
120,120,0
120,120,0
120,120,0
120,120,0
120,120,0
120,120,0
120,120,0
120,120,0
120,120,0
120,120,0
120,120,0
120,120,0
119,120,-1
118,120,-2
118,120,-2
118,120,-2
119,120,-1
120,120,0
121,120,1
121,120,1
121,120,1
120,120,0
120,120,0
120,120,0
120,120,0
121,120,1
121,120,1
120,120,0
120,120,0
119,120,-1
119,120,-1
120,120,0
121,120,1
121,120,1
121,120,1
121,120,1
120,120,0
120,120,0
120,120,0
120,120,0
121,120,1
121,120,1
121,120,1
120,120,0
120,120,0
120,120,0
119,120,-1
119,120,-1
119,120,-1
121,121,0
122,121,1
122,120,2
122,120,2
120,120,0
119,120,-1
120,120,0
121,121,0
123,121,2
123,121,2
122,121,1
120,121,-1
119,121,-2
119,121,-2
119,121,-2
121,121,0
122,121,1
122,122,0
122,122,0
121,121,0
121,121,0
121,121,0
121,121,0
122,122,0
123,122,1
124,122,2
124,122,2
123,122,1
121,122,-1
120,122,-2
121,122,-1
123,123,0
124,123,1
124,123,1
124,123,1
123,123,0
122,123,-1
122,122,0
122,122,0
122,122,0
123,122,1
124,122,2
124,122,2
123,122,1
122,122,0
121,122,-1
121,122,-1
122,122,0
122,122,0
122,122,0
121,122,-1
120,122,-2
120,122,-2
119,121,-2
120,121,-1
121,121,0
123,122,1
123,122,1
124,122,2
123,121,2
122,121,1
121,121,0
121,121,0
121,122,-1
122,122,0
123,122,1
123,122,1
122,122,0
121,122,-1
120,121,-1
120,121,-1
121,122,-1
122,122,0
123,122,1
123,122,1
122,122,0
121,122,-1
121,121,0
121,121,0
122,122,0
122,122,0
123,122,1
123,122,1
123,122,1
121,121,0
120,121,-1
120,121,-1
121,121,0
122,121,1
122,121,1
122,121,1
121,121,0
121,121,0
121,121,0
121,121,0
120,121,-1
121,121,0
122,121,1
122,121,1
122,121,1
120,121,-1
119,121,-2
119,121,-2
120,121,-1
121,121,0
122,121,1
122,121,1
121,121,0
121,120,1
120,120,0
120,120,0
120,121,-1
120,121,-1
121,121,0
121,121,0
121,121,0
120,120,0
119,120,-1
120,120,0
121,120,1
121,120,1
121,121,0
121,121,0
120,121,-1
119,120,-1
119,120,-1
119,120,-1
120,120,0
121,120,1
122,120,2
121,120,1
121,120,1
120,120,0
119,120,-1
119,120,-1
119,120,-1
120,120,0
121,120,1
121,120,1
121,120,1
120,120,0
119,119,0
119,119,0
119,119,0
120,119,1
120,120,0
120,120,0
119,119,0
119,119,0
119,119,0
119,119,0
119,119,0
119,119,0
120,119,1
120,119,1
120,119,1
119,119,0
118,119,-1
118,119,-1
118,119,-1
119,119,0
120,119,1
120,119,1
119,119,0
118,119,-1
118,119,-1
118,119,-1
119,119,0
119,119,0
120,119,1
120,119,1
119,119,0
119,119,0
119,119,0
118,119,-1
118,119,-1
119,119,0
120,119,1
120,119,1
119,119,0
118,119,-1
118,118,0
118,118,0
118,118,0
119,118,1
119,118,1
119,118,1
118,118,0
118,118,0
117,118,-1
117,118,-1
118,118,0
118,118,0
119,119,0
119,119,0
119,119,0
119,119,0
118,119,-1
118,119,-1
118,119,-1
119,119,0
120,119,1
121,119,2
120,119,1
119,119,0
119,119,0
118,119,-1
119,119,0
120,120,0
121,120,1
121,120,1
121,120,1
119,120,-1
119,120,-1
119,120,-1
120,120,0
121,120,1
121,120,1
121,121,0
121,120,1
120,120,0
120,120,0
119,120,-1
119,120,-1
120,120,0
121,121,0
122,121,1
121,120,1
119,120,-1
118,120,-2
119,120,-1
120,120,0
121,120,1
121,120,1
121,120,1
121,120,1
120,120,0
119,119,0
118,119,-1
118,120,-2
119,120,-1
120,120,0
121,120,1
121,120,1
119,120,-1
118,120,-2
118,119,-1
118,120,-2
120,120,0
121,120,1
122,120,2
122,120,2
121,120,1
120,120,0
119,120,-1
119,120,-1
120,120,0
121,120,1
121,120,1
121,120,1
119,120,-1
118,119,-1
117,119,-2
117,119,-2
118,119,-1
119,119,0
120,119,1
120,119,1
120,119,1
119,119,0
118,119,-1
118,119,-1
119,120,-1
120,120,0
121,120,1
121,120,1
121,120,1
120,120,0
119,120,-1
119,120,-1
120,120,0
120,120,0
121,120,1
122,120,2
121,120,1
120,120,0
119,120,-1
119,120,-1
120,120,0
120,120,0
121,120,1
122,120,2
121,120,1
120,120,0
119,119,0
119,119,0
119,119,0
119,119,0
120,119,1
120,119,1
119,119,0
118,119,-1
118,119,-1
118,119,-1
118,119,-1
119,119,0
120,119,1
121,120,1
120,119,1
119,119,0
119,119,0
119,119,0
120,120,0
121,120,1
122,120,2
122,120,2
121,120,1
119,120,-1
119,120,-1
119,120,-1
120,120,0
121,120,1
121,120,1
121,120,1
120,120,0
119,120,-1
119,120,-1
119,120,-1
119,120,-1
120,120,0
121,120,1
122,120,2
121,120,1
121,120,1
120,120,0
120,120,0
121,120,1
120,120,0
120,120,0
120,120,0
119,120,-1
119,120,-1
119,120,-1
120,120,0
120,120,0
121,120,1
121,120,1
121,120,1
119,120,-1
118,120,-2
118,120,-2
119,120,-1
120,120,0
121,120,1
121,120,1
120,120,0
120,120,0
119,119,0
118,120,-2
119,120,-1
120,120,0
121,120,1
121,120,1
120,120,0
119,120,-1
118,119,-1
119,119,0
120,119,1
121,120,1
121,120,1
120,120,0
119,120,-1
119,120,-1
118,120,-2
119,120,-1
119,120,-1
121,120,1
122,121,1
122,120,2
121,120,1
120,120,0
119,120,-1
120,120,0
121,120,1
122,120,2
122,121,1
121,120,1
120,120,0
118,120,-2
118,120,-2
118,120,-2
119,120,-1
120,120,0
121,120,1
121,120,1
120,120,0
119,119,0
119,119,0
119,119,0
119,119,0
120,120,0
121,120,1
121,120,1
121,119,2
119,119,0
118,119,-1
118,119,-1
118,119,-1
120,119,1
120,119,1
120,119,1
119,119,0
118,119,-1
118,119,-1
118,119,-1
118,119,-1
119,119,0
121,120,1
122,120,2
121,119,2
120,119,1
118,119,-1
118,119,-1
119,119,0
120,120,0
121,120,1
121,120,1
120,120,0
119,120,-1
118,120,-2
118,120,-2
119,120,-1
120,120,0
121,120,1
121,120,1
121,120,1
120,120,0
120,120,0
119,120,-1
119,120,-1
120,120,0
120,120,0
121,120,1
121,120,1
120,120,0
119,120,-1
118,120,-2
118,120,-2
119,120,-1
120,120,0
121,120,1
121,120,1
120,120,0
119,120,-1
119,120,-1
120,120,0
120,120,0
121,120,1
121,120,1
121,120,1
120,120,0
119,120,-1
118,120,-2
119,120,-1
120,120,0
121,120,1
121,120,1
121,120,1
121,120,1
119,119,0
118,119,-1
118,119,-1
119,119,0
120,119,1
120,119,1
120,119,1
119,119,0
119,119,0
119,119,0
119,119,0
119,119,0
119,119,0
119,119,0
118,119,-1
117,119,-2
117,119,-2
117,119,-2
118,118,0
119,118,1
120,118,2
119,118,1
118,118,0
118,118,0
118,118,0
118,118,0
119,118,1
118,118,0
118,118,0
118,118,0
118,118,0
118,118,0
117,118,-1
117,118,-1
118,118,0
118,118,0
118,118,0
118,118,0
117,118,-1
117,118,-1
117,118,-1
117,118,-1
118,118,0
119,118,1
120,118,2
120,118,2
119,118,1
118,118,0
118,118,0
118,119,-1
119,119,0
120,119,1
120,119,1
119,119,0
119,119,0
118,119,-1
118,119,-1
118,119,-1
119,119,0
120,119,1
120,119,1
120,119,1
120,119,1
119,119,0
118,119,-1
117,119,-2
118,119,-1
119,119,0
120,119,1
120,119,1
119,119,0
118,119,-1
117,119,-2
118,119,-1
118,119,-1
119,119,0
119,119,0
119,119,0
119,119,0
119,119,0
118,119,-1
118,119,-1
119,119,0
120,119,1
120,119,1
120,118,2
119,118,1
118,118,0
118,118,0
117,118,-1
117,118,-1
117,118,-1
118,118,0
118,118,0
118,118,0
116,118,-2
115,118,-3
116,118,-2
117,118,-1
118,118,0
119,118,1
120,118,2
120,118,2
119,118,1
118,118,0
117,118,-1
117,118,-1
119,118,1
120,119,1
120,119,1
119,118,1
118,118,0
117,118,-1
117,118,-1
117,117,0
118,118,0
119,118,1
119,118,1
118,118,0
117,117,0
115,117,-2
115,117,-2
116,117,-1
117,117,0
119,118,1
119,118,1
118,118,0
117,118,-1
116,118,-2
116,118,-2
117,118,-1
118,118,0
119,118,1
120,118,2
120,118,2
119,118,1
118,118,0
118,118,0
117,119,-2
118,119,-1
119,119,0
120,119,1
120,119,1
119,119,0
119,119,0
118,119,-1
118,119,-1
119,119,0
120,119,1
120,119,1
120,119,1
119,119,0
118,119,-1
118,119,-1
118,119,-1
119,119,0
120,119,1
120,119,1
120,119,1
120,119,1
119,119,0
119,119,0
118,119,-1
119,119,0
119,119,0
119,119,0
119,119,0
119,119,0
118,119,-1
118,119,-1
118,119,-1
119,119,0
119,119,0
119,119,0
119,119,0
119,119,0
119,118,1
118,118,0
118,118,0
118,118,0
119,119,0
119,119,0
118,119,-1
118,119,-1
117,119,-2
117,119,-2
117,119,-2
118,119,-1
120,119,1
120,119,1
120,119,1
119,119,0
119,119,0
119,119,0
119,119,0
120,119,1
121,120,1
121,120,1
120,119,1
119,119,0
118,119,-1
118,119,-1
119,119,0
120,119,1
121,119,2
120,119,1
119,119,0
118,119,-1
118,118,0
117,118,-1
118,119,-1
118,119,-1
119,119,0
119,118,1
119,118,1
118,118,0
118,118,0
118,118,0
119,118,1
119,118,1
119,118,1
118,118,0
117,118,-1
116,118,-2
116,118,-2
116,117,-1
117,117,0
118,117,1
118,117,1
118,117,1
117,117,0
116,117,-1
116,117,-1
116,117,-1
116,117,-1
117,117,0
118,118,0
118,118,0
118,117,1
118,117,1
117,117,0
117,117,0
117,117,0
118,118,0
119,118,1
119,118,1
118,117,1
117,117,0
116,117,-1
116,117,-1
117,117,0
118,117,1
118,117,1
117,117,0
117,117,0
116,117,-1
116,117,-1
116,116,0
116,117,-1
117,117,0
118,117,1
118,117,1
117,117,0
116,116,0
115,116,-1
115,116,-1
116,116,0
117,117,0
117,117,0
117,117,0
117,117,0
116,116,0
115,116,-1
115,116,-1
116,117,-1
117,117,0
117,117,0
118,117,1
117,117,0
116,117,-1
116,117,-1
116,117,-1
117,117,0
118,117,1
118,117,1
118,117,1
118,117,1
118,117,1
117,117,0
116,118,-2
116,118,-2
116,118,-2
117,118,-1
118,118,0
118,118,0
118,118,0
118,118,0
117,118,-1
118,118,0
118,118,0
119,118,1
119,118,1
118,118,0
118,118,0
117,118,-1
117,118,-1
118,118,0
119,118,1
120,118,2
120,118,2
118,118,0
117,118,-1
116,118,-2
117,118,-1
118,118,0
118,118,0
118,118,0
118,118,0
117,118,-1
118,118,0
118,118,0
119,118,1
120,118,2
120,119,1
121,119,2
120,119,1
120,119,1
119,119,0
118,119,-1
118,119,-1
119,119,0
120,119,1
120,119,1
120,119,1
118,118,0
117,118,-1
117,118,-1
118,118,0
118,118,0
119,118,1
119,118,1
118,118,0
118,118,0
118,118,0
118,119,-1
118,119,-1
119,119,0
120,119,1
120,119,1
120,119,1
120,119,1
119,119,0
119,119,0
119,119,0
120,119,1
120,119,1
120,120,0
119,119,0
119,119,0
118,119,-1
118,119,-1
119,119,0
119,119,0
120,119,1
120,119,1
120,119,1
119,119,0
118,119,-1
119,119,0
119,119,0
120,119,1
120,119,1
119,119,0
119,119,0
119,119,0
119,119,0
118,119,-1
118,119,-1
119,119,0
119,119,0
119,118,1
119,118,1
118,118,0
118,118,0
118,118,0
118,118,0
118,118,0
118,118,0
118,118,0
118,118,0
117,118,-1
116,118,-2
116,118,-2
117,118,-1
119,118,1
120,118,2
120,118,2
120,118,2
119,118,1
118,118,0
118,118,0
118,118,0
119,119,0
120,119,1
121,119,2
119,119,0
117,118,-1
116,118,-2
116,118,-2
117,118,-1
118,118,0
119,118,1
119,118,1
119,118,1
118,118,0
117,117,0
116,117,-1
116,117,-1
116,117,-1
118,118,0
119,118,1
119,117,2
118,117,1
117,117,0
117,117,0
116,117,-1
117,117,0
117,117,0
118,117,1
118,117,1
117,117,0
116,117,-1
116,117,-1
117,117,0
118,117,1
118,117,1
117,117,0
116,117,-1
115,117,-2
115,117,-2
116,116,0
117,116,1
117,116,1
117,116,1
117,116,1
117,116,1
116,116,0
115,116,-1
114,116,-2
114,116,-2
115,115,0
116,115,1
116,115,1
116,115,1
115,115,0
114,115,-1
113,115,-2
113,115,-2
115,115,0
115,115,0
116,115,1
115,115,0
114,115,-1
114,114,0
114,114,0
114,114,0
115,114,1
116,114,2
116,114,2
115,114,1
114,114,0
114,114,0
114,114,0
114,114,0
114,114,0
114,114,0
114,114,0
114,114,0
114,114,0
113,114,-1
112,114,-2
112,114,-2
113,114,-1
114,114,0
115,114,1
114,114,0
114,113,1
113,113,0
113,113,0
113,113,0
113,113,0
114,113,1
114,113,1
114,113,1
113,113,0
112,113,-1
111,113,-2
112,113,-1
113,113,0
113,113,0
114,113,1
113,112,1
112,112,0
111,112,-1
111,112,-1
111,112,-1
112,112,0
112,112,0
113,112,1
113,112,1
112,112,0
112,112,0
111,112,-1
111,112,-1
112,112,0
113,113,0
113,113,0
113,113,0
113,112,1
113,112,1
112,112,0
112,112,0
113,112,1
113,112,1
113,112,1
112,112,0
111,112,-1
110,112,-2
111,112,-1
112,111,1
112,111,1
112,111,1
111,111,0
110,111,-1
109,111,-2
109,111,-2
109,111,-2
110,111,-1
111,111,0
111,111,0
111,111,0
111,111,0
110,111,-1
110,111,-1
110,111,-1
111,111,0
111,111,0
112,111,1
112,111,1
112,111,1
111,111,0
110,111,-1
110,111,-1
110,111,-1
111,112,-1
112,112,0
112,112,0
112,112,0
111,112,-1
111,111,0
112,111,1
112,112,0
113,112,1
114,112,2
113,112,1
112,112,0
111,112,-1
110,111,-1
111,111,0
111,111,0
112,111,1
112,111,1
112,111,1
111,111,0
110,111,-1
110,111,-1
109,111,-2
109,111,-2
110,111,-1
111,111,0
112,111,1
112,111,1
111,111,0
110,111,-1
110,111,-1
111,111,0
112,111,1
113,111,2
112,111,1
112,111,1
111,111,0
110,111,-1
109,110,-1
109,111,-2
110,111,-1
111,111,0
111,111,0
111,110,1
110,110,0
109,110,-1
109,110,-1
110,110,0
111,110,1
112,110,2
111,110,1
110,110,0
109,110,-1
109,110,-1
109,111,-2
110,111,-1
110,111,-1
111,111,0
111,111,0
111,111,0
111,111,0
111,111,0
111,111,0
111,111,0
111,111,0
112,111,1
113,111,2
114,111,3
113,111,2
111,111,0
111,111,0
111,112,-1
112,112,0
114,112,2
114,112,2
112,112,0
111,112,-1
110,112,-2
111,112,-1
112,112,0
113,112,1
113,112,1
112,112,0
112,112,0
112,112,0
111,112,-1
111,112,-1
110,112,-2
111,112,-1
113,112,1
113,112,1
113,112,1
112,112,0
111,111,0
111,111,0
111,111,0
111,112,-1
112,112,0
112,112,0
113,112,1
112,112,0
111,112,-1
110,112,-2
111,112,-1
113,112,1
115,112,3
115,113,2
114,113,1
112,113,-1
112,113,-1
112,113,-1
113,113,0
114,113,1
114,113,1
114,113,1
114,113,1
113,113,0
113,113,0
113,113,0
113,113,0
113,113,0
113,113,0
112,112,0
112,112,0
111,111,0
110,111,-1
109,111,-2
109,111,-2
110,111,-1
111,111,0
111,111,0
111,111,0
110,110,0
109,110,-1
109,110,-1
110,110,0
111,110,1
112,110,2
112,110,2
111,110,1
110,110,0
110,110,0
109,110,-1
109,110,-1
110,110,0
110,110,0
110,110,0
110,109,1
110,109,1
109,109,0
108,109,-1
107,109,-2
108,109,-1
109,110,-1
109,110,-1
109,110,-1
109,109,0
109,109,0
110,109,1
110,109,1
111,110,1
111,110,1
112,110,2
112,110,2
111,110,1
109,110,-1
109,111,-2
110,111,-1
111,111,0
111,111,0
111,110,1
110,110,0
110,110,0
110,110,0
111,110,1
111,110,1
110,110,0
110,110,0
110,110,0
109,110,-1
109,110,-1
110,110,0
110,110,0
111,110,1
112,110,2
112,110,2
112,110,2
111,110,1
110,110,0
109,110,-1
110,110,0
110,110,0
111,111,0
112,111,1
111,111,0
110,110,0
109,110,-1
108,110,-2
109,110,-1
110,110,0
112,110,2
112,111,1
112,110,2
111,110,1
110,110,0
109,110,-1
110,110,0
110,110,0
111,110,1
112,110,2
111,110,1
110,110,0
109,110,-1
109,110,-1
110,110,0
110,110,0
110,110,0
110,110,0
110,110,0
110,110,0
109,110,-1
108,110,-2
108,110,-2
109,110,-1
111,110,1
111,110,1
110,110,0
109,110,-1
108,110,-2
108,110,-2
110,110,0
111,110,1
111,110,1
111,110,1
110,110,0
110,110,0
109,110,-1
109,110,-1
110,111,-1
111,111,0
111,111,0
111,111,0
110,111,-1
110,111,-1
111,111,0
111,111,0
111,111,0
112,111,1
113,111,2
113,111,2
112,111,1
112,111,1
111,111,0
111,111,0
111,111,0
111,112,-1
112,112,0
113,112,1
113,112,1
112,111,1
111,111,0
110,111,-1
111,111,0
111,112,-1
112,112,0
112,112,0
112,112,0
111,112,-1
111,112,-1
111,112,-1
112,112,0
113,112,1
114,112,2
114,112,2
113,112,1
112,112,0
112,112,0
112,112,0
112,112,0
112,112,0
112,112,0
112,112,0
113,112,1
113,112,1
112,112,0
112,112,0
112,112,0
112,112,0
113,112,1
114,112,2
114,112,2
113,112,1
112,112,0
110,112,-2
110,112,-2
111,111,0
113,111,2
112,111,1
111,111,0
110,111,-1
110,111,-1
111,111,0
111,111,0
110,111,-1
111,111,0
112,111,1
113,111,2
112,111,1
111,111,0
111,111,0
111,111,0
111,111,0
111,111,0
111,112,-1
112,112,0
112,112,0
112,112,0
111,112,-1
110,112,-2
112,112,0
114,112,2
115,112,3
115,112,3
113,112,1
113,112,1
113,113,0
113,113,0
112,113,-1
112,113,-1
113,113,0
113,113,0
112,113,-1
111,112,-1
112,112,0
114,112,2
114,112,2
113,112,1
112,112,0
111,113,-2
111,113,-2
112,113,-1
112,113,-1
112,113,-1
113,113,0
115,113,2
114,113,1
113,113,0
113,113,0
113,113,0
114,113,1
113,113,0
112,113,-1
112,113,-1
114,113,1
115,113,2
113,113,0
111,113,-2
112,113,-1
115,114,1
116,114,2
115,114,1
113,114,-1
114,114,0
116,115,1
115,115,0
112,115,-3
111,115,-4
115,115,0
119,115,4
118,114,4
113,113,0
111,113,-2
117,112,5
125,111,14
118,111,7
93,93,0
61,61,0
39,41,-2
34,41,-7
38,41,-3
41,41,0
41,41,0
40,41,-1
41,41,0
39,41,-2
35,41,-6
39,41,-2
58,58,0