VALUE,MEDIAN,DIFF
82,82,0
101,96,5
106,97,9
101,97,4
96,97,-1
97,97,0
101,98,3
102,98,4
99,99,0
97,99,-2
98,99,-1
100,98,2
99,98,1
97,98,-1
96,98,-2
98,98,0
100,98,2
99,98,1
97,98,-1
96,98,-2
98,97,1
99,97,2
98,97,1
97,97,0
96,97,-1
97,97,0
98,96,2
97,96,1
96,96,0
96,96,0
96,96,0
96,96,0
95,96,-1
95,96,-1
95,95,0
96,95,1
95,95,0
94,95,-1
94,95,-1
95,95,0
96,94,2
95,94,1
94,94,0
94,94,0
94,94,0
94,94,0
93,94,-1
93,94,-1
93,93,0
94,93,1
94,93,1
93,93,0
92,93,-1
92,93,-1
93,93,0
93,93,0
93,92,1
92,92,0
92,92,0
93,92,1
92,92,0
92,92,0
91,92,-1
91,91,0
92,91,1
91,91,0
90,90,0
90,90,0
90,90,0
90,90,0
89,89,0
88,89,-1
87,89,-2
88,88,0
89,88,1
89,88,1
88,88,0
88,88,0
88,88,0
88,88,0
87,87,0
86,87,-1
86,87,-1
87,87,0
88,86,2
87,86,1
85,85,0
85,85,0
84,85,-1
84,85,-1
84,84,0
84,84,0
84,84,0
85,84,1
85,84,1
84,84,0
84,84,0
84,84,0
84,84,0
84,84,0
84,84,0
84,84,0
84,84,0
83,84,-1
83,84,-1
83,84,-1
83,84,-1
84,84,0
85,85,0
85,85,0
85,85,0
85,85,0
85,85,0
85,85,0
85,85,0
86,86,0
87,86,1
87,86,1
87,87,0
86,87,-1
86,87,-1
87,87,0
88,87,1
87,87,0
87,87,0
87,87,0
87,87,0
87,87,0
87,87,0
86,87,-1
86,87,-1
87,88,-1
88,88,0
88,88,0
89,89,0
89,89,0
89,89,0
89,89,0
89,89,0
89,89,0
90,90,0
90,90,0
90,90,0
90,90,0
90,90,0
91,91,0
91,91,0
91,91,0
91,91,0
92,91,1
92,91,1
92,91,1
91,91,0
91,92,-1
91,92,-1
91,92,-1
92,92,0
92,92,0
92,92,0
93,92,1
93,92,1
93,92,1
92,92,0
92,92,0
92,92,0
93,92,1
93,92,1
93,92,1
92,92,0
92,92,0
92,92,0
92,92,0
92,92,0
91,92,-1
91,92,-1
91,92,-1
92,92,0
92,92,0
91,92,-1
91,92,-1
91,92,-1
91,92,-1
92,92,0
92,92,0
93,92,1
92,92,0
92,92,0
92,91,1
92,91,1
92,92,0
91,92,-1
91,92,-1
91,92,-1
92,92,0
91,92,-1
91,92,-1
91,92,-1
91,92,-1
92,92,0
93,92,1
93,92,1
92,92,0
92,92,0
93,92,1
93,93,0
93,93,0
92,93,-1
92,93,-1
92,93,-1
93,93,0
93,93,0
93,93,0
93,93,0
93,93,0
93,93,0
93,93,0
93,93,0
93,93,0
93,93,0
92,92,0
92,92,0
92,92,0
92,92,0
92,92,0
92,92,0
92,92,0
92,92,0
92,92,0
92,92,0
93,92,1
93,92,1
93,92,1
92,92,0
91,92,-1
91,92,-1
91,92,-1
92,92,0
92,92,0
92,92,0
92,92,0
92,92,0
92,92,0
91,92,-1
92,92,0
92,92,0
93,92,1
93,92,1
92,92,0
92,92,0
93,92,1
93,93,0
93,93,0
92,93,-1
92,93,-1
93,93,0
94,93,1
94,93,1
93,93,0
92,93,-1
93,93,0
94,93,1
96,93,3
95,93,2
93,93,0
92,93,-1
92,93,-1
93,93,0
93,93,0
93,93,0
93,93,0
93,93,0
92,93,-1
92,93,-1
92,93,-1
93,93,0
94,94,0
94,94,0
94,94,0
94,94,0
94,94,0
94,94,0
94,94,0
94,94,0
95,94,1
95,94,1
95,94,1
94,94,0
94,94,0
93,94,-1
93,94,-1
93,94,-1
94,94,0
94,94,0
94,94,0
94,94,0
93,94,-1
92,94,-2
93,94,-1
94,94,0
94,94,0
95,94,1
95,94,1
95,94,1
94,94,0
94,94,0
94,94,0
93,94,-1
94,94,0
95,94,1
95,94,1
95,94,1
95,94,1
95,94,1
94,94,0
94,94,0
94,94,0
94,94,0
94,94,0
94,94,0
94,94,0
94,94,0
94,94,0
94,94,0
94,94,0
94,94,0
94,94,0
95,94,1
95,94,1
95,94,1
95,94,1
95,94,1
94,94,0
94,95,-1
94,95,-1
94,95,-1
94,95,-1
94,95,-1
95,95,0
95,95,0
95,95,0
95,95,0
96,95,1
96,95,1
96,95,1
95,95,0
95,95,0
95,95,0
96,95,1
96,95,1
96,95,1
95,95,0
95,95,0
95,95,0
95,95,0
95,95,0
95,95,0
95,95,0
95,95,0
96,95,1
95,95,0
95,95,0
95,95,0
95,95,0
95,95,0
96,95,1
96,95,1
95,95,0
95,95,0
95,95,0
95,95,0
95,95,0
95,95,0
95,95,0
95,95,0
96,95,1
97,95,2
97,95,2
96,95,1
96,96,0
95,96,-1
94,96,-2
94,96,-2
95,96,-1
96,96,0
96,96,0
97,96,1
96,96,0
96,96,0
96,96,0
96,96,0
97,96,1
98,96,2
97,96,1
97,97,0
96,97,-1
96,96,0
96,96,0
96,96,0
97,96,1
97,96,1
97,96,1
97,96,1
97,96,1
96,96,0
96,96,0
96,96,0
95,95,0
95,95,0
95,95,0
95,95,0
94,95,-1
94,95,-1
95,95,0
95,95,0
94,95,-1
94,95,-1
94,95,-1
95,95,0
95,95,0
96,95,1
95,95,0
95,95,0
95,95,0
95,95,0
95,95,0
94,95,-1
95,95,0
95,95,0
96,95,1
97,95,2
96,95,1
95,95,0
94,95,-1
95,95,0
95,95,0
95,95,0
95,95,0
95,95,0
95,95,0
95,95,0
95,95,0
95,95,0
95,95,0
95,95,0
96,95,1
96,95,1
96,95,1
96,95,1
95,95,0
95,95,0
95,95,0
95,95,0
95,95,0
96,95,1
96,95,1
95,95,0
95,95,0
95,95,0
95,95,0
95,95,0
95,95,0
96,95,1
96,96,0
95,96,-1
95,96,-1
95,96,-1
96,96,0
97,96,1
97,96,1
97,96,1
96,96,0
96,96,0
96,96,0
96,96,0
97,96,1
97,96,1
96,96,0
96,96,0
96,96,0
96,96,0
97,97,0
97,97,0
96,97,-1
96,97,-1
97,96,1
97,96,1
97,96,1
97,96,1
97,96,1
97,96,1
96,96,0
96,96,0
96,96,0
96,96,0
96,96,0
96,96,0
95,96,-1
94,96,-2
94,96,-2
94,96,-2
95,96,-1
96,96,0
96,96,0
96,96,0
96,95,1
96,95,1
95,95,0
95,95,0
95,95,0
96,95,1
96,95,1
96,95,1
95,95,0
95,95,0
95,95,0
95,95,0
95,95,0
94,95,-1
94,95,-1
94,95,-1
95,95,0
95,95,0
95,95,0
95,95,0
95,95,0
95,95,0
95,95,0
96,96,0
96,96,0
96,96,0
96,96,0
96,96,0
96,96,0
96,96,0
97,96,1
97,96,1
97,96,1
97,97,0
97,97,0
96,97,-1
96,97,-1
96,97,-1
97,97,0
97,97,0
97,97,0
97,97,0
97,97,0
98,97,1
98,97,1
98,97,1
98,97,1
97,97,0
97,97,0
98,97,1
98,97,1
97,97,0
96,97,-1
96,97,-1
97,97,0
97,97,0
97,97,0
97,97,0
97,97,0
96,97,-1
96,97,-1
96,97,-1
96,97,-1
96,97,-1
96,97,-1
97,97,0
97,97,0
98,97,1
97,97,0
97,97,0
96,97,-1
96,97,-1
97,97,0
97,97,0
98,97,1
97,97,0
97,97,0
97,97,0
97,97,0
97,97,0
98,97,1
98,97,1
98,97,1
97,97,0
97,97,0
97,97,0
97,97,0
98,97,1
98,98,0
98,98,0
97,98,-1
97,98,-1
98,97,1
98,97,1
97,97,0
97,97,0
98,97,1
99,97,2
99,97,2
98,97,1
97,97,0
97,97,0
97,97,0
97,97,0
97,97,0
97,97,0
98,97,1
98,97,1
97,97,0
97,97,0
97,97,0
97,97,0
97,97,0
97,97,0
97,97,0
97,97,0
98,97,1
98,97,1
98,97,1
97,97,0
97,97,0
97,97,0
97,98,-1
97,98,-1
97,98,-1
98,98,0
99,98,1
99,98,1
98,98,0
98,98,0
98,98,0
99,98,1
99,98,1
99,99,0
99,99,0
99,99,0
99,99,0
98,98,0
97,98,-1
97,98,-1
98,98,0
99,98,1
99,98,1
99,98,1
98,98,0
97,98,-1
97,98,-1
98,98,0
98,98,0
98,98,0
98,98,0
98,98,0
98,98,0
98,98,0
98,98,0
98,98,0
98,98,0
98,98,0
98,98,0
98,98,0
98,98,0
98,98,0
97,98,-1
97,98,-1
97,98,-1
98,98,0
98,98,0
98,98,0
98,98,0
97,98,-1
97,98,-1
97,98,-1
97,98,-1
98,98,0
99,98,1
99,98,1
98,98,0
98,98,0
98,98,0
99,98,1
98,99,-1
99,99,0
99,99,0
100,99,1
100,99,1
99,99,0
98,99,-1
98,99,-1
101,100,1
103,100,3
103,100,3
101,100,1
99,100,-1
99,100,-1
100,100,0
100,100,0
100,100,0
100,100,0
100,100,0
100,99,1
100,99,1
99,99,0
99,99,0
99,99,0
99,99,0
99,99,0
99,99,0
99,99,0
99,99,0
99,99,0
99,99,0
98,99,-1
98,99,-1
98,99,-1
99,99,0
99,99,0
99,99,0
99,99,0
100,99,1
100,99,1
100,100,0
99,100,-1
99,100,-1
100,100,0
100,100,0
100,100,0
100,100,0
100,100,0
100,100,0
100,100,0
99,100,-1
99,100,-1
100,100,0
100,100,0
100,100,0
99,100,-1
99,100,-1
99,100,-1
99,100,-1
99,100,-1
100,100,0
100,100,0
101,100,1
100,100,0
100,100,0
99,100,-1
99,100,-1
100,100,0
101,100,1
101,100,1
101,100,1
100,100,0
99,100,-1
99,100,-1
99,100,-1
99,100,-1
100,100,0
100,100,0
101,100,1
101,100,1
100,100,0
100,100,0
99,100,-1
100,100,0
100,100,0
100,100,0
100,100,0
100,100,0
100,100,0
99,100,-1
99,100,-1
99,100,-1
99,100,-1
100,100,0
100,100,0
100,100,0
100,100,0
99,100,-1
99,100,-1
99,100,-1
100,100,0
100,100,0
100,100,0
100,100,0
100,100,0
100,100,0
101,100,1
101,100,1
100,100,0
100,100,0
100,100,0
101,100,1
101,101,0
100,101,-1
100,101,-1
101,101,0
101,101,0
101,101,0
101,101,0
101,101,0
100,101,-1
101,101,0
101,101,0
101,101,0
101,101,0
101,101,0
101,101,0
101,101,0
101,101,0
101,101,0
101,101,0
101,101,0
101,101,0
101,101,0
101,101,0
101,101,0
101,101,0
101,101,0
100,101,-1
101,101,0
101,101,0
101,101,0
102,101,1
102,101,1
101,101,0
101,101,0
102,101,1
101,101,0
101,101,0
101,101,0
101,101,0
101,101,0
102,101,1
102,101,1
102,101,1
101,101,0
101,101,0
101,101,0
101,101,0
101,102,-1
101,102,-1
101,102,-1
102,102,0
102,102,0
102,102,0
102,102,0
102,102,0
102,102,0
102,102,0
102,102,0
102,102,0
102,102,0
101,102,-1
101,102,-1
101,102,-1
102,102,0
102,102,0
102,102,0
101,102,-1
101,101,0
101,101,0
101,101,0
101,102,-1
102,102,0
102,102,0
102,102,0
102,102,0
101,102,-1
101,102,-1
102,102,0
102,102,0
103,102,1
102,102,0
102,102,0
102,102,0
102,102,0
102,102,0
102,102,0
102,102,0
101,102,-1
102,102,0
102,102,0
102,102,0
102,102,0
102,102,0
102,102,0
101,102,-1
101,102,-1
101,101,0
101,101,0
101,101,0
102,101,1
102,101,1
102,101,1
101,101,0
101,101,0
101,101,0
101,101,0
101,101,0
100,101,-1
100,101,-1
100,101,-1
101,101,0
101,101,0
101,101,0
101,101,0
101,101,0
101,101,0
101,101,0
101,101,0
101,101,0
101,101,0
101,101,0
101,101,0
100,101,-1
100,101,-1
101,101,0
102,101,1
102,101,1
102,101,1
102,101,1
101,101,0
101,101,0
101,101,0
101,101,0
101,101,0
101,101,0
101,101,0
101,101,0
101,101,0
101,101,0
101,101,0
101,101,0
101,101,0
101,101,0
102,101,1
102,101,1
101,101,0
101,101,0
100,101,-1
100,101,-1
101,101,0
101,101,0
101,101,0
101,101,0
101,101,0
101,101,0
101,101,0
101,101,0
101,101,0
101,101,0
101,101,0
101,101,0
101,101,0
101,101,0
101,101,0
101,101,0
102,101,1
102,101,1
102,101,1
102,101,1
102,101,1
101,101,0
101,101,0
101,101,0
101,101,0
101,101,0
101,101,0
101,101,0
101,101,0
101,101,0
102,101,1
102,101,1
102,101,1
102,101,1
101,101,0
101,101,0
101,101,0
101,101,0
101,101,0
101,101,0
101,101,0
101,101,0
102,101,1
102,101,1
102,101,1
102,101,1
102,101,1
101,101,0
101,101,0
101,101,0
101,101,0
101,101,0
101,101,0
101,101,0
101,101,0
101,101,0
101,101,0
101,101,0
101,101,0
101,101,0
101,101,0
101,101,0
101,101,0
101,101,0
101,101,0
100,101,-1
100,101,-1
101,101,0
101,101,0
101,101,0
101,101,0
100,101,-1
100,101,-1
100,101,-1
100,101,-1
100,101,-1
101,101,0
101,101,0
101,101,0
101,101,0
101,101,0
101,101,0
101,101,0
101,101,0
101,101,0
102,101,1
102,101,1
102,101,1
102,101,1
101,101,0
101,101,0
101,101,0
102,101,1
103,102,1
103,102,1
102,102,0
102,101,1
101,101,0
101,101,0
100,101,-1
101,101,0
101,102,-1
102,102,0
102,102,0
101,102,-1
100,102,-2
100,102,-2
101,102,-1
102,102,0
102,102,0
103,102,1
103,102,1
103,103,0
103,103,0
102,103,-1
102,103,-1
103,103,0
103,103,0
103,103,0
103,103,0
103,103,0
103,103,0
103,103,0
103,103,0
102,103,-1
102,103,-1
103,102,1
103,102,1
102,102,0
101,101,0
101,101,0
101,101,0
101,101,0
100,101,-1
100,101,-1
101,101,0
101,101,0
101,101,0
101,101,0
101,101,0
101,101,0
102,102,0
102,102,0
102,102,0
102,102,0
103,103,0
103,103,0
103,103,0
103,103,0
103,103,0
103,103,0
103,103,0
103,103,0
103,103,0
103,103,0
103,103,0
103,103,0
103,103,0
102,103,-1
103,103,0
103,103,0
103,103,0
103,103,0
102,103,-1
102,103,-1
102,102,0
102,102,0
102,102,0
102,103,-1
103,103,0
103,103,0
103,103,0
102,103,-1
101,103,-2
101,103,-2
103,103,0
104,103,1
104,103,1
104,104,0
104,104,0
105,104,1
106,104,2
106,104,2
105,104,1
103,104,-1
103,105,-2
104,105,-1
104,105,-1
104,105,-1
105,105,0
105,105,0
105,105,0
106,105,1
106,105,1
105,105,0
105,105,0
105,105,0
105,105,0
105,105,0
105,105,0
106,105,1
105,105,0
105,105,0
104,105,-1
104,105,-1
104,105,-1
105,105,0
105,105,0
105,105,0
105,105,0
105,105,0
106,105,1
106,105,1
106,105,1
106,105,1
105,105,0
105,105,0
105,105,0
106,105,1
106,105,1
105,105,0
105,105,0
105,105,0
105,105,0
105,105,0
106,105,1
106,105,1
106,106,0
105,106,-1
105,106,-1
105,106,-1
105,106,-1
106,106,0
106,106,0
106,106,0
106,106,0
107,107,0
107,107,0
107,107,0
107,107,0
107,107,0
107,107,0
107,107,0
107,107,0
107,107,0
108,107,1
108,107,1
108,107,1
107,107,0
107,108,-1
106,108,-2
107,108,-1
108,108,0
109,108,1
108,108,0
108,108,0
108,108,0
108,108,0
108,108,0
108,108,0
108,108,0
108,108,0
109,108,1
109,108,1
108,108,0
107,107,0
106,107,-1
106,107,-1
107,107,0
107,107,0
107,107,0
107,107,0
107,107,0
107,107,0
107,107,0
107,107,0
108,107,1
108,108,0
108,108,0
108,108,0
108,108,0
108,108,0
107,108,-1
108,108,0
108,108,0
108,108,0
108,108,0
108,108,0
108,108,0
107,108,-1
107,108,-1
107,108,-1
107,108,-1
108,108,0
109,108,1
109,108,1
108,108,0
108,108,0
107,108,-1
108,108,0
108,108,0
108,108,0
108,108,0
108,108,0
108,108,0
108,108,0
107,108,-1
107,108,-1
107,108,-1
108,108,0
108,108,0
108,108,0
108,107,1
108,107,1
108,107,1
107,107,0
107,107,0
106,107,-1
106,107,-1
107,107,0
107,107,0
107,107,0
107,107,0
107,107,0
107,107,0
107,107,0
107,107,0
107,107,0
107,107,0
107,107,0
107,107,0
107,107,0
107,107,0
108,107,1
108,107,1
109,107,2
108,107,1
108,108,0
108,108,0
108,108,0
107,108,-1
107,108,-1
106,108,-2
107,107,0
108,107,1
108,107,1
108,107,1
107,107,0
107,107,0
107,107,0
107,107,0
107,107,0
107,107,0
106,107,-1
106,107,-1
106,107,-1
107,107,0
107,107,0
107,107,0
108,107,1
108,107,1
108,107,1
107,107,0
107,107,0
107,107,0
107,107,0
107,107,0
107,107,0
108,107,1
108,107,1
108,107,1
107,107,0
107,107,0
107,107,0
107,107,0
107,107,0
107,107,0
107,107,0
107,107,0
107,107,0
106,107,-1
106,107,-1
106,107,-1
106,107,-1
107,107,0
107,107,0
107,107,0
107,107,0
106,107,-1
106,107,-1
106,107,-1
107,107,0
107,107,0
107,107,0
107,107,0
107,107,0
107,107,0
106,106,0
106,107,-1
106,107,-1
107,107,0
107,107,0
107,107,0
106,107,-1
106,107,-1
106,107,-1
106,107,-1
107,107,0
107,107,0
107,107,0
107,107,0
108,107,1
107,107,0
107,107,0
107,107,0
107,107,0
108,107,1
108,107,1
108,107,1
107,107,0
107,107,0
107,107,0
107,107,0
107,107,0
107,107,0
107,107,0
106,106,0
106,106,0
106,106,0
106,106,0
106,106,0
106,106,0
106,106,0
105,106,-1
105,106,-1
105,106,-1
105,106,-1
106,106,0
106,106,0
106,106,0
106,106,0
106,106,0
106,106,0
106,106,0
106,106,0
107,107,0
107,107,0
108,107,1
108,107,1
108,107,1
108,107,1
107,107,0
107,107,0
107,107,0
108,107,1
108,107,1
108,107,1
107,107,0
106,107,-1
106,107,-1
107,107,0
107,107,0
107,107,0
107,107,0
107,107,0
107,106,1
107,106,1
105,106,-1
105,106,-1
105,106,-1
106,106,0
106,106,0
106,106,0
106,106,0
106,106,0
106,106,0
106,106,0
106,106,0
107,106,1
108,106,2
108,106,2
108,107,1
107,107,0
106,107,-1
106,107,-1
106,107,-1
107,107,0
107,107,0
107,107,0
107,107,0
107,107,0
107,107,0
106,107,-1
106,107,-1
107,107,0
107,107,0
107,107,0
107,107,0
107,107,0
106,107,-1
106,107,-1
106,107,-1
107,107,0
108,107,1
108,107,1
109,107,2
108,107,1
107,107,0
106,107,-1
106,107,-1
107,107,0
108,108,0
108,108,0
108,108,0
108,107,1
108,107,1
107,107,0
107,107,0
107,107,0
107,107,0
108,107,1
108,107,1
107,107,0
107,107,0
107,107,0
107,107,0
107,107,0
107,107,0
107,107,0
108,107,1
108,107,1
107,107,0
106,107,-1
106,107,-1
106,107,-1
107,107,0
108,107,1
108,107,1
108,108,0
108,107,1
108,107,1
107,107,0
106,107,-1
106,107,-1
107,107,0
108,107,1
108,107,1
108,107,1
107,107,0
106,107,-1
106,107,-1
107,107,0
107,107,0
107,107,0
107,107,0
107,107,0
107,107,0
106,107,-1
106,107,-1
106,107,-1
107,107,0
108,107,1
109,108,1
108,108,0
108,108,0
107,108,-1
108,108,0
108,108,0
108,108,0
108,108,0
109,108,1
109,108,1
109,108,1
108,108,0
108,108,0
107,108,-1
108,108,0
108,108,0
109,108,1
109,108,1
108,107,1
107,107,0
106,107,-1
106,107,-1
106,107,-1
107,106,1
107,106,1
107,106,1
106,106,0
106,106,0
105,106,-1
106,106,0
106,106,0
106,106,0
106,107,-1
107,107,0
108,107,1
107,106,1
107,106,1
106,106,0
106,107,-1
107,107,0
108,107,1
108,107,1
108,107,1
107,107,0
106,107,-1
106,107,-1
106,107,-1
107,107,0
109,107,2
110,107,3
109,107,2
108,107,1
107,107,0
107,107,0
107,107,0
107,107,0
107,107,0
107,107,0
107,107,0
107,107,0
107,107,0
107,107,0
107,107,0
108,107,1
108,107,1
107,107,0
107,107,0
106,107,-1
107,107,0
107,107,0
108,107,1
108,107,1
107,107,0
107,107,0
107,107,0
107,107,0
108,107,1
108,107,1
107,107,0
107,107,0
107,107,0
107,107,0
107,107,0
107,107,0
107,107,0
107,107,0
107,107,0
107,107,0
107,107,0
106,107,-1
106,107,-1
106,107,-1
106,107,-1
107,107,0
107,107,0
108,107,1
107,107,0
106,106,0
106,106,0
106,106,0
106,107,-1
107,107,0
107,107,0
107,107,0
107,107,0
106,107,-1
106,106,0
106,106,0
107,107,0
107,107,0
107,107,0
107,107,0
107,107,0
106,107,-1
106,107,-1
106,107,-1
106,107,-1
107,107,0
108,107,1
108,107,1
108,107,1
107,107,0
106,107,-1
106,107,-1
107,107,0
107,107,0
108,107,1
108,107,1
108,107,1
107,107,0
107,107,0
106,107,-1
106,107,-1
107,107,0
108,107,1
108,107,1
108,107,1
107,107,0
107,107,0
106,107,-1
106,107,-1
106,107,-1
107,107,0
108,107,1
108,107,1
107,107,0
106,107,-1
105,107,-2
106,107,-1
107,107,0
107,107,0
108,107,1
108,107,1
107,107,0
107,107,0
106,107,-1
105,107,-2
106,107,-1
106,107,-1
107,107,0
107,107,0
107,107,0
107,107,0
107,106,1
107,106,1
106,106,0
106,106,0
106,107,-1
107,107,0
107,107,0
106,107,-1
105,107,-2
105,106,-1
106,106,0
106,106,0
107,106,1
107,106,1
107,107,0
107,107,0
107,106,1
106,106,0
106,107,-1
106,107,-1
106,107,-1
107,107,0
108,107,1
107,107,0
107,107,0
106,106,0
106,106,0
107,106,1
107,106,1
108,106,2
107,106,1
106,106,0
106,106,0
105,105,0
104,105,-1
104,105,-1
104,105,-1
105,105,0
105,105,0
105,105,0
105,105,0
104,105,-1
104,105,-1
105,105,0
105,105,0
105,105,0
106,105,1
106,105,1
106,106,0
106,106,0
106,106,0
105,106,-1
105,106,-1
106,106,0
106,106,0
107,106,1
107,106,1
106,106,0
106,106,0
106,107,-1
106,107,-1
107,107,0
107,107,0
107,107,0
107,107,0
107,107,0
107,107,0
107,107,0
107,107,0
107,107,0
107,107,0
107,107,0
107,107,0
107,107,0
106,107,-1
106,107,-1
106,107,-1
107,106,1
107,106,1
107,106,1
106,106,0
105,106,-1
105,106,-1
105,106,-1
105,106,-1
106,106,0
106,106,0
106,106,0
106,106,0
106,106,0
106,106,0
106,106,0
106,106,0
106,106,0
106,106,0
106,106,0
106,106,0
105,106,-1
105,106,-1
104,106,-2
105,105,0
106,105,1
106,105,1
106,105,1
105,105,0
104,105,-1
104,105,-1
104,105,-1
105,105,0
105,105,0
105,105,0
105,105,0
105,105,0
105,105,0
105,105,0
106,105,1
106,105,1
105,105,0
105,105,0
105,105,0
105,105,0
105,105,0
105,105,0
105,105,0
105,105,0
106,105,1
106,105,1
106,105,1
105,106,-1
105,106,-1
105,106,-1
106,106,0
106,106,0
106,106,0
106,106,0
106,106,0
106,106,0
106,106,0
106,106,0
106,106,0
107,106,1
107,106,1
107,106,1
106,106,0
106,106,0
105,106,-1
105,106,-1
105,106,-1
106,106,0
107,106,1
107,106,1
107,106,1
106,106,0
105,106,-1
105,106,-1
105,106,-1
106,106,0
107,107,0
107,107,0
107,107,0
106,107,-1
106,107,-1
106,107,-1
107,107,0
107,107,0
107,107,0
107,107,0
107,106,1
107,106,1
107,106,1
106,106,0
106,106,0
106,106,0
106,106,0
106,106,0
106,106,0
105,106,-1
105,106,-1
105,106,-1
106,106,0
107,106,1
107,106,1
107,106,1
107,106,1
106,106,0
106,106,0
106,106,0
106,106,0
107,106,1
107,106,1
107,106,1
106,106,0
106,106,0
106,106,0
106,106,0
106,106,0
105,105,0
105,105,0
105,105,0
105,105,0
105,105,0
105,105,0
104,105,-1
104,105,-1
105,105,0
105,105,0
105,105,0
105,105,0
106,106,0
106,106,0
106,106,0
106,106,0
106,106,0
106,106,0
106,106,0
107,106,1
106,106,0
106,106,0
106,106,0
106,106,0
106,106,0
106,106,0
107,106,1
107,106,1
107,106,1
106,106,0
106,106,0
105,106,-1
106,106,0
107,106,1
108,106,2
107,106,1
107,106,1
106,106,0
106,106,0
105,106,-1
105,106,-1
105,106,-1
105,106,-1
107,106,1
107,106,1
106,106,0
105,106,-1
104,106,-2
105,106,-1
106,106,0
106,106,0
107,106,1
106,106,0
106,106,0
106,106,0
106,106,0
106,106,0
106,106,0
107,106,1
107,106,1
107,106,1
106,106,0
106,106,0
106,106,0
106,106,0
106,106,0
106,106,0
106,106,0
106,106,0
107,106,1
106,106,0
106,106,0
105,106,-1
106,106,0
106,106,0
106,106,0
106,106,0
106,106,0
106,106,0
106,106,0
106,106,0
106,106,0
106,106,0
106,106,0
107,106,1
107,106,1
107,106,1
106,106,0
106,106,0
106,106,0
106,106,0
106,106,0
106,106,0
106,106,0
106,106,0
106,106,0
106,106,0
107,106,1
107,106,1
107,106,1
106,106,0
106,106,0
106,106,0
106,106,0
106,106,0
106,106,0
106,106,0
106,106,0
106,106,0
106,106,0
105,106,-1
105,106,-1
106,106,0
106,106,0
107,106,1
106,106,0
105,106,-1
105,106,-1
105,106,-1
105,106,-1
105,106,-1
106,106,0
106,106,0
107,106,1
107,106,1
107,106,1
106,106,0
106,106,0
106,106,0
107,107,0
107,107,0
107,107,0
106,107,-1
106,107,-1
106,107,-1
107,107,0
107,107,0
107,107,0
107,107,0
107,107,0
106,107,-1
106,106,0
106,107,-1
107,107,0
107,107,0
108,107,1
107,107,0
106,107,-1
106,107,-1
106,107,-1
106,107,-1
107,107,0
107,107,0
108,107,1
108,107,1
107,107,0
107,107,0
107,107,0
107,107,0
107,107,0
107,107,0
107,107,0
108,107,1
107,107,0
107,107,0
106,107,-1
106,107,-1
106,107,-1
107,107,0
108,107,1
108,107,1
107,107,0
106,107,-1
106,106,0
106,106,0
106,106,0
107,107,0
107,107,0
107,107,0
107,107,0
106,106,0
105,106,-1
105,106,-1
106,106,0
107,106,1
108,107,1
107,107,0
107,107,0
106,107,-1
106,107,-1
106,107,-1
106,107,-1
106,107,-1
107,107,0
107,107,0
107,107,0
107,107,0
107,107,0
107,107,0
107,107,0
107,107,0
107,107,0
108,107,1
108,107,1
108,107,1
108,107,1
107,107,0
107,107,0
107,107,0
107,107,0
108,107,1
108,107,1
108,107,1
107,107,0
106,107,-1
106,107,-1
107,107,0
107,107,0
107,107,0
107,107,0
107,107,0
107,107,0
107,107,0
107,107,0
106,107,-1
107,107,0
107,107,0
107,107,0
107,107,0
106,107,-1
106,107,-1
106,107,-1
106,107,-1
107,107,0
107,107,0
108,107,1
108,107,1
107,107,0
106,107,-1
106,107,-1
106,107,-1
106,107,-1
107,107,0
107,107,0
107,107,0
107,107,0
107,107,0
106,107,-1
106,107,-1
107,107,0
108,107,1
108,107,1
107,107,0
107,107,0
107,107,0
107,107,0
107,107,0
107,107,0
107,107,0
108,107,1
108,107,1
108,107,1
107,107,0
107,107,0
107,107,0
108,107,1
108,107,1
108,107,1
107,107,0
107,107,0
107,107,0
107,107,0
107,107,0
107,107,0
107,107,0
108,107,1
108,107,1
108,107,1
107,107,0
107,107,0
107,107,0
108,107,1
108,107,1
107,107,0
107,107,0
107,107,0
107,107,0
107,107,0
107,107,0
107,107,0
108,107,1
108,107,1
108,107,1
107,107,0
107,107,0
107,107,0
107,107,0
107,107,0
107,107,0
107,107,0
108,107,1
107,107,0
107,107,0
106,107,-1
106,107,-1
106,107,-1
107,107,0
108,107,1
108,107,1
108,107,1
107,107,0
107,107,0
107,107,0
107,107,0
107,107,0
107,107,0
107,107,0
106,107,-1
106,107,-1
107,107,0
107,107,0
107,107,0
107,107,0
107,107,0
107,107,0
107,107,0
107,107,0
107,107,0
107,107,0
107,107,0
107,107,0
107,107,0
107,107,0
106,107,-1
106,107,-1
106,107,-1
106,106,0
107,106,1
107,106,1
107,106,1
106,106,0
106,106,0
105,106,-1
105,106,-1
106,106,0
106,106,0
107,106,1
107,106,1
107,106,1
106,106,0
106,106,0
105,106,-1
105,106,-1
105,106,-1
106,106,0
106,106,0
106,106,0
105,106,-1
105,106,-1
105,106,-1
106,106,0
107,106,1
107,106,1
107,106,1
106,106,0
105,106,-1
105,106,-1
105,106,-1
106,106,0
106,106,0
107,106,1
107,106,1
106,106,0
105,105,0
105,105,0
104,105,-1
105,105,0
105,105,0
106,105,1
106,105,1
106,105,1
105,105,0
104,105,-1
104,105,-1
104,105,-1
105,105,0
106,105,1
106,105,1
105,105,0
105,105,0
104,105,-1
105,105,0
105,105,0
105,105,0
105,105,0
105,105,0
105,105,0
105,105,0
104,105,-1
104,105,-1
105,105,0
105,105,0
106,105,1
106,105,1
106,105,1
106,105,1
105,105,0
105,105,0
105,105,0
105,105,0
106,105,1
107,106,1
107,106,1
106,105,1
105,105,0
105,105,0
104,105,-1
105,105,0
105,105,0
106,105,1
106,105,1
106,105,1
105,105,0
105,105,0
105,105,0
105,105,0
105,106,-1
106,106,0
106,106,0
106,106,0
106,106,0
106,106,0
105,106,-1
105,106,-1
106,106,0
106,106,0
106,106,0
106,106,0
106,106,0
106,106,0
105,106,-1
105,105,0
105,105,0
106,105,1
106,105,1
106,105,1
105,105,0
105,105,0
104,105,-1
104,105,-1
105,105,0
105,105,0
105,105,0
105,105,0
104,105,-1
104,105,-1
104,105,-1
104,105,-1
104,105,-1
104,105,-1
104,105,-1
105,105,0
105,104,1
105,104,1
105,104,1
105,104,1
105,105,0
105,105,0
104,105,-1
105,105,0
104,105,-1
104,105,-1
104,105,-1
104,105,-1
105,105,0
105,105,0
105,105,0
105,105,0
105,105,0
105,105,0
105,105,0
105,105,0
106,105,1
106,105,1
106,105,1
105,105,0
105,105,0
105,105,0
105,105,0
105,105,0
105,105,0
105,105,0
106,105,1
106,105,1
105,105,0
105,105,0
105,105,0
105,105,0
105,105,0
105,105,0
105,105,0
105,105,0
105,105,0
105,105,0
105,105,0
105,105,0
105,105,0
106,105,1
106,105,1
106,105,1
105,105,0
104,105,-1
104,105,-1
105,105,0
105,105,0
106,105,1
105,105,0
105,105,0
104,105,-1
104,105,-1
104,105,-1
105,105,0
106,105,1
106,105,1
106,105,1
105,105,0
104,105,-1
104,105,-1
104,105,-1
105,105,0
106,105,1
106,105,1
106,105,1
105,105,0
104,105,-1
104,105,-1
105,105,0
106,105,1
106,105,1
106,105,1
105,105,0
105,105,0
105,105,0
105,105,0
105,105,0
105,106,-1
106,106,0
107,106,1
107,106,1
106,106,0
105,106,-1
105,106,-1
106,106,0
106,106,0
107,106,1
107,106,1
107,106,1
107,106,1
107,106,1
106,106,0
106,106,0
106,106,0
107,106,1
107,106,1
106,106,0
106,106,0
106,106,0
106,106,0
106,106,0
106,106,0
106,106,0
106,106,0
106,106,0
106,106,0
105,106,-1
105,106,-1
106,106,0
106,106,0
107,106,1
106,106,0
106,106,0
106,106,0
105,106,-1
105,106,-1
105,106,-1
105,106,-1
105,106,-1
106,106,0
106,106,0
106,106,0
106,106,0
107,106,1
106,106,0
106,106,0
106,106,0
106,106,0
107,106,1
107,106,1
107,106,1
106,106,0
105,106,-1
106,106,0
106,106,0
106,106,0
106,106,0
106,106,0
106,106,0
106,106,0
105,106,-1
105,106,-1
105,106,-1
105,106,-1
106,106,0
106,106,0
105,106,-1
105,106,-1
105,106,-1
106,105,1
106,105,1
106,106,0
106,106,0
106,106,0
106,106,0
106,105,1
105,105,0
104,105,-1
105,105,0
105,105,0
106,105,1
106,105,1
105,105,0
105,105,0
104,105,-1
104,105,-1
104,105,-1
105,105,0
106,105,1
106,106,0
105,105,0
105,105,0
105,105,0
106,105,1
106,105,1
106,105,1
106,105,1
106,105,1
106,105,1
105,105,0
105,105,0
104,105,-1
105,105,0
105,105,0
105,105,0
105,105,0
105,105,0
105,105,0
105,105,0
105,105,0
105,105,0
105,105,0
105,105,0
105,105,0
105,105,0
105,105,0
105,105,0
104,105,-1
105,105,0
105,105,0
105,105,0
105,105,0
104,105,-1
104,105,-1
105,105,0
105,105,0
106,106,0
106,106,0
106,106,0
106,106,0
106,106,0
106,106,0
106,106,0
106,106,0
107,106,1
107,106,1
106,106,0
106,106,0
105,106,-1
105,106,-1
106,106,0
106,106,0
106,106,0
106,106,0
106,106,0
106,106,0
105,105,0
105,105,0
105,105,0
105,105,0
106,105,1
106,105,1
105,105,0
105,105,0
105,105,0
105,105,0
105,106,-1
105,106,-1
106,106,0
106,106,0
106,106,0
106,106,0
106,106,0
106,106,0
106,106,0
106,106,0
106,106,0
106,106,0
106,106,0
105,106,-1
105,106,-1
104,106,-2
105,105,0
105,105,0
106,105,1
106,105,1
106,105,1
105,105,0
104,105,-1
104,105,-1
104,105,-1
105,105,0
106,105,1
106,105,1
106,105,1
106,105,1
105,105,0
105,105,0
105,105,0
105,105,0
105,105,0
105,105,0
105,105,0
105,105,0
105,105,0
105,105,0
105,105,0
105,105,0
104,105,-1
104,105,-1
104,105,-1
104,105,-1
104,105,-1
104,104,0
104,104,0
104,104,0
104,104,0
105,104,1
105,104,1
105,104,1
105,104,1
105,104,1
104,104,0
104,104,0
104,104,0
104,104,0
105,104,1
104,104,0
104,104,0
104,104,0
104,104,0
103,104,-1
103,104,-1
104,104,0
104,104,0
104,104,0
105,104,1
104,104,0
103,104,-1
103,104,-1
103,104,-1
103,104,-1
104,104,0
104,104,0
104,103,1
104,103,1
103,103,0
103,103,0
103,103,0
104,103,1
104,104,0
103,104,-1
103,104,-1
103,104,-1
104,103,1
104,103,1
104,103,1
103,103,0
103,103,0
104,103,1
104,103,1
104,103,1
103,103,0
103,103,0
102,103,-1
102,103,-1
103,103,0
103,102,1
103,102,1
102,102,0
102,102,0
101,102,-1
101,101,0
101,101,0
101,101,0
101,101,0
102,101,1
101,101,0
101,101,0
101,101,0
100,101,-1
100,101,-1
101,101,0
101,101,0
101,101,0
101,101,0
101,101,0
101,101,0
101,101,0
101,101,0
101,101,0
101,101,0
102,101,1
102,101,1
102,101,1
101,102,-1
101,102,-1
101,102,-1
102,102,0
103,102,1
102,102,0
102,102,0
102,102,0
102,103,-1
103,103,0
103,103,0
103,103,0
103,103,0
103,103,0
103,103,0
103,103,0
103,103,0
104,103,1
103,103,0
103,103,0
103,103,0
104,103,1
104,103,1
104,103,1
104,103,1
103,103,0
103,104,-1
103,104,-1
103,104,-1
103,104,-1
103,104,-1
104,104,0
104,104,0
104,104,0
105,103,2
104,103,1
104,103,1
103,103,0
103,103,0
103,103,0
104,103,1
104,103,1
104,103,1
103,103,0
103,103,0
103,103,0
103,103,0
103,103,0
103,103,0
103,103,0
103,103,0
103,103,0
103,103,0
102,103,-1
102,103,-1
102,103,-1
103,103,0
103,102,1
103,102,1
103,102,1
102,102,0
102,102,0
102,102,0
102,103,-1
102,103,-1
102,103,-1
102,103,-1
103,103,0
103,103,0
103,103,0
103,103,0
103,103,0
103,103,0
103,103,0
103,103,0
103,103,0
103,103,0
103,103,0
103,103,0
103,103,0
103,103,0
103,103,0
104,103,1
103,103,0
103,103,0
102,102,0
102,102,0
102,102,0
102,102,0
102,102,0
102,102,0
102,102,0
102,102,0
102,102,0
102,102,0
101,102,-1
101,102,-1
101,102,-1
101,102,-1
102,102,0
103,102,1
103,102,1
102,102,0
102,102,0
102,102,0
102,102,0
102,103,-1
102,103,-1
103,103,0
104,103,1
104,103,1
103,103,0
103,103,0
103,103,0
103,103,0
103,103,0
103,103,0
103,103,0
104,103,1
103,103,0
103,103,0
103,103,0
103,103,0
103,104,-1
104,104,0
104,104,0
104,104,0
104,104,0
104,104,0
104,104,0
104,104,0
104,104,0
104,104,0
104,104,0
105,104,1
105,104,1
104,104,0
104,104,0
104,104,0
104,104,0
104,104,0
104,104,0
103,103,0
103,103,0
103,103,0
103,103,0
103,103,0
103,103,0
103,103,0
103,103,0
103,103,0
103,103,0
103,103,0
103,103,0
104,104,0
104,104,0
105,104,1
105,104,1
105,104,1
104,104,0
104,104,0
104,104,0
104,104,0
104,104,0
104,105,-1
104,105,-1
104,105,-1
105,105,0
105,104,1
105,104,1
105,104,1
105,104,1
105,104,1
105,104,1
105,104,1
105,104,1
104,104,0
104,104,0
104,104,0
104,104,0
104,104,0
104,104,0
104,104,0
104,104,0
104,104,0
104,104,0
104,104,0
104,104,0
104,104,0
104,104,0
104,104,0
105,104,1
105,104,1
105,104,1
105,104,1
105,104,1
104,104,0
105,105,0
105,105,0
105,105,0
105,105,0
104,105,-1
104,105,-1
104,105,-1
104,105,-1
104,105,-1
105,105,0
105,105,0
105,105,0
105,105,0
105,105,0
105,105,0
105,105,0
105,105,0
105,105,0
105,105,0
105,105,0
105,105,0
105,105,0
105,105,0
104,105,-1
104,105,-1
104,105,-1
105,105,0
106,105,1
106,105,1
105,105,0
105,105,0
104,105,-1
105,105,0
105,105,0
105,105,0
105,105,0
105,105,0
105,105,0
104,105,-1
104,105,-1
104,105,-1
104,105,-1
105,105,0
105,105,0
105,105,0
105,105,0
104,105,-1
104,104,0
104,104,0
105,104,1
105,105,0
105,105,0
105,105,0
105,105,0
104,104,0
104,104,0
103,104,-1
103,104,-1
104,104,0
105,104,1
105,104,1
105,104,1
104,104,0
103,104,-1
103,104,-1
103,104,-1
104,104,0
104,104,0
104,104,0
104,104,0
104,104,0
104,104,0
104,104,0
105,105,0
105,105,0
106,105,1
106,105,1
105,105,0
105,105,0
105,105,0
105,105,0
105,105,0
105,105,0
105,105,0
106,105,1
106,105,1
106,105,1
106,105,1
106,105,1
105,105,0
105,105,0
105,105,0
105,105,0
105,105,0
105,105,0
105,105,0
105,105,0
104,104,0
104,104,0
104,104,0
104,104,0
104,104,0
104,104,0
104,104,0
104,104,0
104,104,0
104,104,0
104,104,0
104,104,0
104,104,0
104,104,0
104,104,0
105,104,1
104,104,0
104,104,0
104,104,0
104,104,0
105,104,1
105,104,1
105,104,1
105,105,0
105,105,0
105,104,1
104,104,0
104,104,0
104,105,-1
104,105,-1
105,105,0
105,105,0
105,105,0
104,105,-1
104,104,0
104,104,0
104,104,0
105,104,1
105,104,1
106,104,2
105,104,1
105,104,1
104,104,0
103,104,-1
104,104,0
104,104,0
104,104,0
104,104,0
103,104,-1
104,104,0
104,104,0
104,104,0
104,104,0
104,104,0
105,104,1
104,104,0
104,104,0
104,104,0
104,104,0
104,104,0
104,104,0
104,104,0
104,104,0
104,104,0
104,104,0
104,104,0
104,104,0
104,104,0
104,104,0
104,104,0
104,104,0
104,104,0
104,104,0
104,104,0
104,104,0
104,104,0
103,104,-1
103,104,-1
104,104,0
104,104,0
105,104,1
105,104,1
104,104,0
103,104,-1
103,104,-1
103,104,-1
103,104,-1
103,104,-1
104,104,0
104,104,0
104,104,0
104,104,0
104,104,0
104,104,0
103,104,-1
103,104,-1
103,104,-1
104,104,0
105,104,1
104,104,0
104,104,0
103,103,0
103,103,0
103,103,0
103,103,0
103,103,0
103,103,0
104,103,1
104,103,1
104,103,1
103,103,0
102,103,-1
103,103,0
103,103,0
104,103,1
104,103,1
104,104,0
103,104,-1
103,104,-1
103,104,-1
103,104,-1
103,104,-1
104,104,0
104,104,0
104,104,0
104,104,0
104,104,0
105,105,0
106,105,1
106,105,1
106,105,1
106,105,1
106,105,1
106,105,1
106,105,1
106,105,1
105,105,0
105,105,0
105,105,0
105,105,0
105,105,0
105,105,0
105,105,0
103,105,-2
103,104,-1
103,104,-1
104,104,0
105,104,1
104,104,0
104,104,0
103,104,-1
103,104,-1
102,104,-2
102,104,-2
103,104,-1
103,104,-1
104,104,0
104,104,0
104,104,0
105,104,1
105,104,1
105,104,1
104,104,0
104,104,0
104,104,0
104,104,0
104,104,0
104,104,0
104,104,0
104,104,0
104,104,0
104,104,0
104,104,0
103,104,-1
104,104,0
104,104,0
104,104,0
104,104,0
104,104,0
104,104,0
105,104,1
105,104,1
105,104,1
104,104,0
104,104,0
104,104,0
104,104,0
103,103,0
103,103,0
103,103,0
103,103,0
103,103,0
103,103,0
103,103,0
103,103,0
103,103,0
102,103,-1
102,103,-1
103,103,0
104,103,1
104,103,1
104,103,1
103,103,0
103,103,0
103,103,0
104,104,0
104,104,0
104,104,0
104,104,0
104,104,0
103,104,-1
103,104,-1
103,104,-1
104,104,0
104,104,0
104,104,0
104,104,0
104,104,0
104,104,0
104,104,0
104,104,0
104,104,0
104,104,0
104,104,0
104,104,0
103,103,0
103,103,0
103,103,0
103,103,0
103,103,0
103,103,0
103,103,0
103,103,0
103,103,0
103,103,0
103,103,0
103,103,0
103,103,0
104,103,1
104,103,1
103,103,0
103,103,0
103,103,0
103,103,0
104,103,1
104,103,1
103,103,0
103,103,0
103,103,0
103,103,0
103,103,0
103,104,-1
104,104,0
104,104,0
104,104,0
103,104,-1
104,104,0
104,104,0
105,104,1
104,104,0
104,104,0
104,104,0
104,104,0
104,104,0
104,104,0
104,104,0
104,104,0
105,104,1
105,104,1
104,104,0
103,104,-1
103,104,-1
104,104,0
104,104,0
104,103,1
104,103,1
103,103,0
103,103,0
103,103,0
103,103,0
103,103,0
103,103,0
103,103,0
102,103,-1
103,103,0
104,103,1
104,103,1
103,103,0
102,103,-1
102,103,-1
103,103,0
105,104,1
106,104,2
106,104,2
104,104,0
103,104,-1
103,104,-1
104,104,0
105,104,1
105,105,0
105,105,0
105,104,1
104,104,0
104,104,0
104,104,0
104,104,0
105,104,1
105,104,1
105,104,1
104,104,0
104,104,0
104,104,0
104,104,0
104,104,0
104,104,0
105,104,1
105,104,1
105,104,1
104,104,0
103,104,-1
103,104,-1
103,104,-1
104,104,0
104,104,0
104,104,0
104,104,0
103,104,-1
103,104,-1
103,104,-1
103,104,-1
103,104,-1
104,104,0
104,104,0
104,104,0
104,104,0
103,104,-1
104,104,0
104,104,0
105,104,1
105,104,1
105,104,1
105,104,1
104,104,0
103,104,-1
103,104,-1
103,104,-1
103,104,-1
104,104,0
104,104,0
105,104,1
104,104,0
104,104,0
104,104,0
104,104,0
105,104,1
105,104,1
105,104,1
105,104,1
104,104,0
103,104,-1
103,104,-1
102,104,-2
103,104,-1
103,104,-1
104,104,0
103,104,-1
103,104,-1
103,104,-1
103,104,-1
104,104,0
104,104,0
104,104,0
104,104,0
104,104,0
104,104,0
104,104,0
104,104,0
104,104,0
104,104,0
104,104,0
105,104,1
105,104,1
105,104,1
104,104,0
104,104,0
103,103,0
103,103,0
103,103,0
103,103,0
103,103,0
103,103,0
103,103,0
103,103,0
103,103,0
102,102,0
102,102,0
102,102,0
102,102,0
102,102,0
102,102,0
102,102,0
102,102,0
101,102,-1
101,102,-1
101,102,-1
102,102,0
102,102,0
102,102,0
102,102,0
102,102,0
102,102,0
102,102,0
103,102,1
103,102,1
103,102,1
103,102,1
103,102,1
103,103,0
102,103,-1
102,103,-1
102,103,-1
103,103,0
103,103,0
102,102,0
102,102,0
103,102,1
103,102,1
103,102,1
102,102,0
102,102,0
102,102,0
102,102,0
102,102,0
101,102,-1
101,102,-1
101,101,0
101,101,0
102,101,1
102,101,1
101,101,0
101,101,0
101,101,0
101,101,0
101,101,0
101,101,0
101,101,0
101,101,0
102,101,1
102,101,1
101,101,0
101,101,0
101,101,0
101,101,0
101,101,0
101,101,0
101,102,-1
101,102,-1
102,102,0
103,102,1
103,102,1
103,102,1
102,102,0
102,102,0
102,102,0
102,102,0
102,102,0
102,102,0
102,102,0
102,102,0
102,102,0
102,102,0
102,102,0
102,102,0
101,102,-1
101,102,-1
101,102,-1
102,102,0
102,102,0
102,102,0
102,102,0
102,102,0
102,102,0
102,102,0
102,102,0
102,102,0
102,102,0
102,102,0
101,102,-1
101,102,-1
101,102,-1
102,102,0
102,101,1
102,101,1
102,101,1
101,101,0
101,101,0
100,101,-1
100,101,-1
100,101,-1
100,101,-1
101,101,0
101,101,0
102,101,1
101,101,0
101,101,0
100,101,-1
101,101,0
101,101,0
101,101,0
101,101,0
101,101,0
101,101,0
101,101,0
101,101,0
102,101,1
102,101,1
102,101,1
101,101,0
101,101,0
101,101,0
102,101,1
102,101,1
101,101,0
101,101,0
101,101,0
101,101,0
101,101,0
101,101,0
101,101,0
101,101,0
101,101,0
101,101,0
101,101,0
101,101,0
101,101,0
101,101,0
100,101,-1
100,101,-1
100,101,-1
100,101,-1
101,101,0
101,101,0
101,101,0
101,101,0
100,100,0
100,100,0
100,100,0
100,101,-1
100,101,-1
101,101,0
101,101,0
101,101,0
101,101,0
100,101,-1
100,101,-1
101,101,0
101,101,0
101,101,0
101,101,0
101,101,0
101,100,1
101,100,1
100,100,0
100,100,0
100,101,-1
100,101,-1
100,101,-1
100,101,-1
100,101,-1
100,101,-1
100,101,-1
101,101,0
101,101,0
102,101,1
101,101,0
101,101,0
101,101,0
101,101,0
101,101,0
101,101,0
101,101,0
101,101,0
101,101,0
101,101,0
101,101,0
101,101,0
101,101,0
100,100,0
100,100,0
100,100,0
99,100,-1
99,100,-1
100,100,0
100,100,0
100,100,0
100,100,0
99,100,-1
100,100,0
101,100,1
101,100,1
101,100,1
101,101,0
101,101,0
101,101,0
101,101,0
100,101,-1
100,101,-1
100,101,-1
101,100,1
101,100,1
101,100,1
100,100,0
100,100,0
100,100,0
100,100,0
100,100,0
99,100,-1
99,100,-1
99,100,-1
100,100,0
100,100,0
101,100,1
100,100,0
100,100,0
100,100,0
100,100,0
100,100,0
101,100,1
101,100,1
100,100,0
100,100,0
100,100,0
101,100,1
101,100,1
100,100,0
100,101,-1
100,101,-1
101,101,0
101,101,0
101,101,0
100,101,-1
100,101,-1
101,101,0
101,101,0
102,101,1
102,101,1
102,101,1
101,101,0
101,101,0
100,100,0
100,100,0
100,101,-1
100,101,-1
101,101,0
101,101,0
100,101,-1
100,101,-1
100,101,-1
100,101,-1
100,101,-1
101,101,0
101,101,0
101,101,0
101,101,0
101,101,0
101,101,0
101,101,0
101,101,0
101,101,0
101,101,0
101,101,0
102,101,1
102,101,1
102,101,1
102,101,1
102,102,0
102,102,0
102,102,0
102,102,0
102,102,0
101,102,-1
100,102,-2
100,102,-2
101,102,-1
103,101,2
103,101,2
102,101,1
102,101,1
101,101,0
101,101,0
101,101,0
101,101,0
101,102,-1
101,102,-1
102,102,0
102,101,1
102,101,1
101,101,0
101,101,0
102,101,1
102,101,1
102,101,1
102,101,1
101,101,0
101,101,0
100,101,-1
100,101,-1
100,101,-1
101,101,0
102,101,1
101,101,0
100,101,-1
100,101,-1
100,101,-1
101,101,0
101,101,0
101,101,0
101,101,0
101,101,0
101,101,0
100,101,-1
99,101,-2
99,101,-2
101,101,0
103,101,2
103,101,2
103,101,2
101,101,0
100,100,0
100,100,0
100,100,0
100,100,0
100,101,-1
100,101,-1
101,101,0
101,101,0
101,101,0
100,101,-1
100,101,-1
100,101,-1
101,101,0
101,101,0
101,101,0
101,101,0
101,101,0
101,101,0
101,101,0
101,101,0
101,101,0
102,101,1
102,101,1
101,101,0
100,101,-1
100,101,-1
101,101,0
101,101,0
102,101,1
102,101,1
102,101,1
102,101,1
102,101,1
102,101,1
102,101,1
101,101,0
101,101,0
101,101,0
101,101,0
101,101,0
101,101,0
100,100,0
100,100,0
99,100,-1
99,100,-1
100,100,0
100,100,0
100,100,0
99,100,-1
99,100,-1
99,99,0
99,99,0
99,99,0
99,99,0
100,100,0
100,100,0
100,100,0
100,100,0
99,100,-1
99,100,-1
99,100,-1
100,100,0
100,100,0
100,100,0
101,100,1
101,100,1
101,101,0
100,101,-1
100,101,-1
101,101,0
101,101,0
101,101,0
101,101,0
101,101,0
101,101,0
101,101,0
101,101,0
101,101,0
101,101,0
101,101,0
101,101,0
101,101,0
101,101,0
100,101,-1
101,101,0
100,101,-1
100,100,0
99,100,-1
99,100,-1
100,100,0
100,100,0
100,100,0
100,100,0
101,100,1
101,100,1
100,100,0
100,100,0
99,100,-1
99,100,-1
99,100,-1
100,100,0
100,100,0
99,100,-1
99,100,-1
99,99,0
99,99,0
99,99,0
100,99,1
100,100,0
101,100,1
101,100,1
100,100,0
99,100,-1
99,100,-1
99,100,-1
100,100,0
101,100,1
101,100,1
101,100,1
100,100,0
99,100,-1
99,100,-1
99,100,-1
100,100,0
101,100,1
101,100,1
101,100,1
100,100,0
100,100,0
99,100,-1
99,100,-1
99,100,-1
100,100,0
101,100,1
101,100,1
101,100,1
100,100,0
100,100,0
100,100,0
100,100,0
101,100,1
101,100,1
101,100,1
100,100,0
100,100,0
99,100,-1
99,100,-1
99,100,-1
100,100,0
100,100,0
100,100,0
100,100,0
100,100,0
100,100,0
100,100,0
100,100,0
101,100,1
101,100,1
101,100,1
101,100,1
100,100,0
100,100,0
100,100,0
99,100,-1
99,100,-1
99,100,-1
99,99,0
99,99,0
99,99,0
99,99,0
99,99,0
99,99,0
100,99,1
100,99,1
100,99,1
99,99,0
99,99,0
99,99,0
99,99,0
99,99,0
99,99,0
100,99,1
100,99,1
101,99,2
100,99,1
100,99,1
100,99,1
99,99,0
99,100,-1
99,100,-1
99,100,-1
100,100,0
100,100,0
100,100,0
99,100,-1
99,100,-1
99,100,-1
100,100,0
100,100,0
101,100,1
101,100,1
101,100,1
100,100,0
100,99,1
99,99,0
99,99,0
100,99,1
100,99,1
99,99,0
99,99,0
98,99,-1
98,99,-1
99,99,0
99,99,0
99,99,0
99,99,0
99,99,0
99,99,0
99,99,0
98,99,-1
98,99,-1
99,99,0
99,99,0
100,99,1
100,99,1
100,99,1
99,99,0
99,99,0
99,99,0
99,99,0
99,99,0
99,99,0
100,99,1
100,99,1
99,99,0
98,98,0
98,98,0
98,98,0
98,98,0
98,98,0
98,98,0
98,98,0
98,98,0
98,98,0
98,98,0
98,98,0
98,98,0
98,98,0
98,98,0
98,98,0
98,98,0
98,98,0
98,98,0
98,98,0
98,98,0
98,98,0
98,98,0
98,98,0
98,98,0
98,98,0
98,98,0
98,98,0
98,98,0
97,98,-1
97,98,-1
97,98,-1
98,98,0
98,98,0
98,98,0
98,98,0
98,98,0
99,98,1
99,98,1
99,98,1
98,99,-1
98,99,-1
98,99,-1
99,99,0
100,99,1
100,99,1
99,99,0
99,99,0
99,99,0
99,99,0
99,99,0
99,99,0
99,99,0
99,99,0
98,98,0
98,98,0
98,98,0
98,98,0
98,98,0
98,98,0
98,98,0
98,98,0
98,98,0
98,98,0
97,98,-1
97,98,-1
97,98,-1
98,98,0
99,98,1
98,97,1
98,97,1
97,97,0
97,97,0
97,97,0
97,97,0
97,97,0
97,97,0
98,97,1
97,97,0
97,97,0
96,97,-1
96,97,-1
97,97,0
98,97,1
98,97,1
98,97,1
97,97,0
96,97,-1
96,97,-1
97,97,0
97,97,0
98,97,1
98,97,1
98,97,1
97,97,0
97,97,0
97,97,0
97,97,0
97,97,0
97,97,0
98,97,1
98,97,1
97,97,0
97,97,0
96,97,-1
96,97,-1
97,97,0
97,97,0
97,97,0
97,97,0
97,97,0
97,97,0
96,97,-1
96,97,-1
96,97,-1
97,97,0
98,97,1
98,97,1
97,97,0
97,97,0
96,97,-1
97,97,0
97,97,0
97,97,0
97,97,0
97,97,0
97,97,0
97,97,0
97,97,0
96,97,-1
96,97,-1
97,97,0
97,97,0
98,97,1
97,97,0
97,96,1
96,96,0
95,96,-1
95,96,-1
96,96,0
96,97,-1
97,97,0
96,97,-1
96,97,-1
96,97,-1
96,97,-1
97,97,0
97,97,0
97,97,0
97,97,0
97,97,0
97,97,0
97,97,0
97,97,0
97,97,0
96,97,-1
97,97,0
97,97,0
98,97,1
98,97,1
97,97,0
97,97,0
96,97,-1
96,97,-1
97,97,0
97,97,0
97,97,0
97,97,0
97,96,1
97,96,1
96,96,0
96,96,0
96,96,0
96,96,0
96,96,0
96,96,0
96,96,0
95,96,-1
95,96,-1
95,96,-1
95,96,-1
96,96,0
96,96,0
96,96,0
96,96,0
95,96,-1
95,96,-1
95,96,-1
96,96,0
96,96,0
96,96,0
96,96,0
96,96,0
97,97,0
99,97,2
100,97,3
99,97,2
98,97,1
97,97,0
97,97,0
97,97,0
97,97,0
97,97,0
96,97,-1
96,97,-1
97,97,0
97,97,0
96,97,-1
96,97,-1
96,97,-1
97,97,0
98,97,1
98,97,1
97,97,0
97,97,0
97,97,0
97,97,0
97,97,0
97,97,0
97,97,0
97,97,0
97,97,0
97,97,0
97,97,0
97,97,0
97,97,0
97,97,0
97,97,0
97,97,0
97,97,0
97,97,0
97,97,0
97,97,0
97,97,0
97,97,0
97,97,0
96,97,-1
96,96,0
96,96,0
96,96,0
96,96,0
96,96,0
96,96,0
96,96,0
97,96,1
96,96,0
96,96,0
96,96,0
96,96,0
97,96,1
97,96,1
97,96,1
97,96,1
97,96,1
96,96,0
96,96,0
95,96,-1
96,96,0
96,96,0
96,96,0
96,96,0
96,96,0
95,96,-1
95,96,-1
96,96,0
96,96,0
96,96,0
97,96,1
97,96,1
96,96,0
96,96,0
95,97,-2
96,97,-1
97,97,0
98,97,1
98,97,1
97,97,0
97,97,0
97,97,0
97,97,0
97,97,0
96,97,-1
96,97,-1
97,97,0
97,96,1
97,96,1
96,96,0
95,96,-1
95,96,-1
95,96,-1
95,96,-1
96,96,0
96,96,0
96,95,1
95,95,0
94,95,-1
94,95,-1
94,95,-1
95,95,0
96,95,1
96,96,0
96,95,1
95,95,0
95,95,0
95,95,0
95,95,0
96,95,1
96,96,0
96,96,0
96,96,0
95,96,-1
95,96,-1
95,96,-1
95,96,-1
96,96,0
96,96,0
96,96,0
96,96,0
96,96,0
96,96,0
96,96,0
96,96,0
96,96,0
96,96,0
96,96,0
96,96,0
96,96,0
96,96,0
95,95,0
94,94,0
94,94,0
94,94,0
94,94,0
94,94,0
94,94,0
94,94,0
93,94,-1
93,94,-1
93,94,-1
93,94,-1
94,94,0
94,94,0
94,94,0
94,94,0
94,94,0
94,94,0
94,94,0
94,94,0
94,94,0
94,94,0
94,94,0
94,94,0
94,94,0
94,94,0
94,94,0
95,94,1
95,94,1
95,94,1
95,94,1
94,94,0
94,94,0
94,95,-1
94,95,-1
94,95,-1
94,95,-1
95,95,0
95,95,0
96,95,1
95,95,0
95,95,0
95,95,0
95,95,0
95,95,0
95,95,0
95,95,0
95,95,0
95,95,0
95,95,0
95,95,0
94,94,0
94,94,0
94,94,0
94,94,0
94,94,0
94,94,0
94,94,0
94,94,0
94,94,0
94,94,0
94,94,0
94,94,0
95,94,1
94,94,0
94,94,0
94,94,0
94,94,0
94,94,0
95,94,1
94,94,0
94,94,0
94,94,0
94,94,0
94,94,0
94,94,0
94,94,0
94,94,0
94,95,-1
95,94,1
95,95,0
95,95,0
95,95,0
95,95,0
95,95,0
95,95,0
95,95,0
95,95,0
94,95,-1
95,95,0
95,95,0
96,95,1
96,95,1
96,95,1
95,95,0
95,95,0
94,95,-1
94,95,-1
94,95,-1
94,95,-1
95,95,0
95,95,0
95,95,0
95,95,0
94,95,-1
94,95,-1
95,95,0
95,95,0
96,95,1
96,95,1
95,95,0
95,95,0
95,95,0
95,95,0
95,95,0
95,95,0
95,95,0
95,95,0
94,94,0
94,94,0
93,94,-1
93,94,-1
94,94,0
94,94,0
94,94,0
94,94,0
93,94,-1
93,94,-1
93,94,-1
93,94,-1
94,94,0
94,94,0
94,94,0
94,94,0
94,94,0
94,94,0
94,94,0
94,94,0
94,94,0
95,94,1
95,94,1
95,94,1
95,94,1
94,94,0
94,94,0
94,94,0
94,94,0
94,94,0
94,94,0
95,94,1
95,94,1
94,94,0
94,94,0
94,94,0
94,94,0
94,94,0
95,94,1
95,94,1
95,94,1
94,94,0
94,94,0
93,94,-1
93,94,-1
94,94,0
94,94,0
95,94,1
95,94,1
94,93,1
94,93,1
93,93,0
92,93,-1
92,93,-1
92,93,-1
92,93,-1
93,93,0
93,93,0
93,93,0
93,93,0
93,93,0
93,93,0
93,93,0
94,93,1
94,93,1
94,93,1
93,93,0
93,93,0
93,93,0
94,93,1
94,93,1
94,94,0
94,94,0
94,94,0
94,94,0
93,93,0
93,93,0
92,93,-1
93,94,-1
93,94,-1
94,93,1
94,93,1
94,93,1
93,93,0
93,93,0
93,93,0
93,93,0
94,93,1
94,93,1
93,93,0
93,93,0
93,93,0
93,93,0
93,93,0
93,93,0
93,93,0
93,93,0
93,93,0
93,93,0
92,93,-1
92,93,-1
92,92,0
92,92,0
92,92,0
92,92,0
93,92,1
93,92,1
92,92,0
92,92,0
91,92,-1
92,92,0
92,92,0
92,92,0
92,92,0
92,92,0
92,92,0
91,92,-1
91,92,-1
92,92,0
92,92,0
93,92,1
93,92,1
93,92,1
93,92,1
92,92,0
92,92,0
92,92,0
93,92,1
93,92,1
93,92,1
92,92,0
92,92,0
92,92,0
92,92,0
92,92,0
92,92,0
92,92,0
92,92,0
92,92,0
92,92,0
92,92,0
91,92,-1
91,92,-1
91,92,-1
91,92,-1
92,92,0
92,92,0
92,92,0
91,92,-1
91,92,-1
91,92,-1
91,92,-1
91,92,-1
92,92,0
92,92,0
92,92,0
92,92,0
92,92,0
92,92,0
92,92,0
92,92,0
92,92,0
93,92,1
93,92,1
93,92,1
93,92,1
92,92,0
92,92,0
92,92,0
92,92,0
92,92,0
91,92,-1
91,92,-1
91,92,-1
91,92,-1
92,92,0
92,92,0
92,92,0
92,92,0
92,92,0
93,92,1
95,92,3
95,92,3
94,92,2
92,92,0
91,92,-1
92,92,0
92,92,0
92,92,0
92,92,0
92,92,0
93,92,1
93,92,1
92,92,0
92,92,0
92,92,0
93,92,1
93,92,1
94,93,1
93,93,0
93,93,0
93,92,1
92,92,0
92,92,0
92,92,0
92,92,0
93,92,1
93,92,1
92,92,0
91,92,-1
91,92,-1
92,92,0
92,92,0
91,92,-1
91,92,-1
92,92,0
92,92,0
92,92,0
91,91,0
91,91,0
91,91,0
92,91,1
92,91,1
92,91,1
92,91,1
91,91,0
91,91,0
91,91,0
91,91,0
91,91,0
91,91,0
91,91,0
91,91,0
90,91,-1
90,91,-1
90,91,-1
90,91,-1
91,91,0
91,91,0
91,91,0
91,91,0
91,91,0
91,91,0
91,91,0
91,91,0
91,91,0
92,91,1
91,91,0
92,91,1
92,91,1
91,91,0
91,91,0
90,91,-1
90,91,-1
91,91,0
91,91,0
91,91,0
91,91,0
91,91,0
91,91,0
91,91,0
91,91,0
91,91,0
91,91,0
91,91,0
91,91,0
91,91,0
91,91,0
91,91,0
91,91,0
91,91,0
91,91,0
91,91,0
91,91,0
91,91,0
91,91,0
91,91,0
90,91,-1
90,91,-1
90,91,-1
91,91,0
91,91,0
91,91,0
90,91,-1
90,91,-1
89,91,-2
90,91,-1
91,91,0
91,91,0
92,92,0
92,92,0
92,92,0
92,92,0
92,92,0
92,92,0
92,92,0
92,92,0
93,92,1
93,92,1
92,92,0
92,92,0
92,92,0
92,92,0
91,92,-1
91,92,-1
91,92,-1
92,92,0
92,92,0
92,92,0
91,91,0
91,91,0
92,91,1
92,91,1
92,91,1
91,91,0
91,91,0
91,91,0
91,91,0
91,91,0
91,91,0
91,91,0
92,91,1
93,91,2
92,91,1
91,91,0
91,91,0
92,91,1
92,91,1
91,91,0
91,91,0
90,91,-1
91,91,0
91,91,0
91,91,0
91,91,0
92,91,1
93,91,2
92,91,1
91,91,0
91,91,0
92,92,0
92,92,0
91,92,-1
91,92,-1
92,92,0
93,92,1
94,92,2
92,92,0
91,92,-1
92,93,-1
93,93,0
94,93,1
93,93,0
92,94,-2
93,94,-1
95,94,1
95,94,1
94,94,0
94,94,0
94,94,0
95,95,0
95,95,0
94,95,-1
94,95,-1
96,95,1
97,95,2
96,95,1
95,95,0
95,95,0
97,95,2
97,95,2
95,95,0
94,95,-1
95,95,0
97,95,2
97,95,2
94,95,-1
93,95,-2
95,95,0
98,95,3
97,95,2
93,94,-1
92,94,-2
97,93,4
101,93,8
96,92,4
78,78,0
56,56,0
41,42,-1
37,42,-5
40,42,-2
42,42,0
41,42,-1
42,42,0
42,42,0
40,42,-2
37,42,-5
41,42,-1
58,58,0