VALUE,MEDIAN,DIFF
87,87,0
110,103,7
116,103,13
112,107,5
108,107,1
109,107,2
110,107,3
107,107,0
103,107,-4
103,107,-4
107,108,-1
111,108,3
111,108,3
108,107,1
105,107,-2
104,107,-3
104,106,-2
105,106,-1
107,107,0
110,107,3
113,107,6
111,106,5
106,106,0
102,105,-3
101,105,-4
104,106,-2
107,106,1
108,107,1
107,106,1
106,106,0
104,106,-2
102,104,-2
102,104,-2
104,104,0
107,105,2
109,106,3
109,106,3
106,105,1
104,105,-1
103,104,-1
103,104,-1
103,105,-2
105,105,0
108,106,2
110,106,4
108,105,3
105,105,0
102,105,-3
101,105,-4
103,105,-2
106,105,1
107,106,1
107,106,1
106,106,0
105,105,0
103,105,-2
102,105,-3
103,105,-2
106,106,0
109,106,3
109,106,3
107,106,1
105,105,0
104,105,-1
104,105,-1
104,105,-1
106,105,1
108,106,2
109,105,4
108,105,3
105,105,0
102,105,-3
101,104,-3
103,105,-2
105,105,0
107,105,2
107,105,2
105,105,0
103,105,-2
101,104,-3
100,103,-3
101,104,-3
105,105,0
108,105,3
109,105,4
107,105,2
104,105,-1
102,104,-2
102,104,-2
103,104,-1
105,105,0
107,105,2
109,105,4
108,105,3
105,105,0
101,104,-3
100,104,-4
101,105,-4
104,105,-1
106,105,1
107,105,2
107,105,2
105,105,0
102,105,-3
101,104,-3
102,105,-3
105,105,0
109,105,4
110,106,4
109,105,4
106,105,1
103,105,-2
102,105,-3
103,105,-2
105,105,0
108,105,3
109,106,3
108,105,3
105,105,0
102,105,-3
101,104,-3
103,104,-1
105,105,0
107,105,2
108,105,3
107,105,2
104,104,0
102,104,-2
100,103,-3
100,104,-4
103,104,-1
106,104,2
107,104,3
106,104,2
104,104,0
102,103,-1
101,103,-2
102,103,-1
104,104,0
107,104,3
108,104,4
107,104,3
103,104,-1
100,104,-4
99,103,-4
101,103,-2
104,104,0
107,104,3
108,104,4
107,104,3
104,104,0
101,103,-2
99,103,-4
100,103,-3
103,104,-1
107,104,3
109,106,3
109,105,4
106,104,2
102,103,-1
100,103,-3
100,103,-3
103,103,0
106,104,2
108,105,3
108,105,3
105,104,1
101,103,-2
98,102,-4
98,102,-4
101,103,-2
104,104,0
107,105,2
107,105,2
105,104,1
102,102,0
99,102,-3
98,102,-4
101,102,-1
105,104,1
108,104,4
109,104,5
106,104,2
102,102,0
99,102,-3
99,101,-2
101,102,-1
104,104,0
107,104,3
107,104,3
104,104,0
100,102,-2
98,101,-3
98,101,-3
101,101,0
105,103,2
107,104,3
106,103,3
104,103,1
100,101,-1
97,100,-3
97,101,-4
99,103,-4
103,103,0
106,103,3
106,103,3
103,103,0
100,103,-3
98,100,-2
100,100,0
103,103,0
105,103,2
107,103,4
106,103,3
103,103,0
100,103,-3
98,101,-3
97,101,-4
100,102,-2
104,103,1
107,103,4
107,102,5
105,102,3
101,101,0
99,100,-1
98,101,-3
100,101,-1
102,102,0
105,102,3
105,102,3
102,102,0
99,102,-3
97,101,-4
98,101,-3
101,102,-1
104,102,2
106,102,4
106,102,4
104,102,2
102,102,0
99,101,-2
99,102,-3
101,102,-1
104,104,0
107,104,3
105,104,1
102,102,0
99,102,-3
99,101,-2
101,101,0
105,102,3
106,103,3
106,104,2
104,103,1
101,103,-2
99,102,-3
98,101,-3
100,103,-3
103,103,0
106,103,3
107,103,4
106,103,3
103,103,0
101,103,-2
101,103,-2
101,103,-2
103,103,0
104,103,1
105,103,2
105,103,2
103,103,0
100,103,-3
99,102,-3
99,103,-4
102,103,-1
105,103,2
106,104,2
105,103,2
103,103,0
100,103,-3
100,102,-2
101,103,-2
105,103,2
108,103,5
109,104,5
107,103,4
103,103,0
100,103,-3
99,101,-2
100,102,-2
103,103,0
105,103,2
106,103,3
104,103,1
101,102,-1
98,102,-4
97,101,-4
99,102,-3
102,102,0
105,102,3
106,102,4
104,102,2
102,102,0
100,102,-2
99,102,-3
100,102,-2
102,102,0
104,102,2
105,103,2
105,103,2
103,102,1
100,102,-2
99,101,-2
99,102,-3
101,103,-2
104,103,1
105,103,2
105,103,2
103,103,0
101,103,-2
99,101,-2
100,102,-2
103,103,0
107,103,4
109,104,5
107,104,3
104,103,1
101,103,-2
99,102,-3
99,102,-3
102,103,-1
105,104,1
107,104,3
107,104,3
104,103,1
100,102,-2
97,101,-4
98,101,-3
101,102,-1
104,103,1
106,103,3
105,103,2
103,103,0
100,101,-1
98,100,-2
98,100,-2
100,101,-1
103,103,0
105,103,2
106,103,3
104,103,1
100,100,0
97,100,-3
97,100,-3
100,100,0
103,101,2
106,103,3
106,102,4
104,101,3
100,100,0
97,100,-3
96,100,-4
98,100,-2
101,101,0
104,102,2
104,102,2
102,101,1
98,100,-2
96,100,-4
95,98,-3
98,100,-2
102,101,1
105,102,3
106,102,4
104,102,2
100,100,0
96,99,-3
95,99,-4
97,100,-3
102,102,0
106,102,4
107,102,5
104,102,2
99,100,-1
95,100,-5
94,99,-5
97,100,-3
102,102,0
105,102,3
106,102,4
103,102,1
100,100,0
97,99,-2
97,99,-2
99,100,-1
102,101,1
104,102,2
105,101,4
102,101,1
99,100,-1
96,99,-3
96,99,-3
98,99,-1
101,99,2
103,101,2
103,101,2
101,100,1
97,99,-2
94,99,-5
93,98,-5
96,99,-3
99,100,-1
103,101,2
104,101,3
103,100,3
100,100,0
97,99,-2
96,99,-3
98,100,-2
101,100,1
104,101,3
105,101,4
103,101,2
100,100,0
98,100,-2
97,99,-2
98,100,-2
101,101,0
104,101,3
104,101,3
102,101,1
99,101,-2
97,100,-3
96,99,-3
98,100,-2
101,101,0
103,101,2
104,101,3
103,101,2
101,100,1
99,99,0
97,99,-2
98,99,-1
100,100,0
102,101,1
103,101,2
102,100,2
99,100,-1
97,99,-2
96,99,-3
97,99,-2
99,100,-1
101,100,1
102,100,2
102,100,2
100,100,0
98,99,-1
97,99,-2
98,100,-2
100,100,0
102,100,2
103,101,2
102,100,2
100,100,0
99,100,-1
98,100,-2
99,100,-1
101,100,1
102,100,2
103,101,2
102,101,1
100,100,0
98,100,-2
97,100,-3
98,100,-2
100,100,0
102,101,1
104,101,3
103,101,2
101,100,1
98,100,-2
96,99,-3
96,100,-4
99,100,-1
103,101,2
105,102,3
105,101,4
102,101,1
99,100,-1
97,99,-2
98,99,-1
100,100,0
103,101,2
104,101,3
104,101,3
101,101,0
97,100,-3
96,99,-3
96,99,-3
99,100,-1
101,101,0
102,101,1
102,101,1
101,99,2
98,99,-1
96,98,-2
96,98,-2
98,99,-1
101,99,2
103,101,2
102,101,1
99,99,0
96,98,-2
94,98,-4
95,98,-3
98,98,0
102,99,3
104,100,4
104,100,4
101,99,2
98,98,0
95,98,-3
95,98,-3
98,98,0
100,100,0
102,100,2
102,100,2
100,100,0
97,99,-2
95,98,-3
95,99,-4
98,99,-1
101,100,1
104,100,4
104,101,3
102,100,2
99,100,-1
98,99,-1
98,99,-1
99,100,-1
102,101,1
104,102,2
105,102,3
103,102,1
100,101,-1
97,100,-3
97,100,-3
99,101,-2
102,101,1
105,102,3
105,102,3
104,101,3
101,101,0
98,100,-2
97,99,-2
98,101,-3
101,101,0
104,102,2
105,102,3
103,101,2
99,101,-2
97,101,-4
96,99,-3
99,101,-2
102,101,1
106,102,4
107,102,5
105,102,3
101,101,0
97,99,-2
96,99,-3
98,101,-3
102,102,0
105,102,3
106,102,4
103,102,1
99,101,-2
96,100,-4
95,99,-4
98,100,-2
102,101,1
106,102,4
107,102,5
104,101,3
100,100,0
98,100,-2
98,100,-2
99,100,-1
101,101,0
103,102,1
104,103,1
103,101,2
100,100,0
97,100,-3
96,100,-4
99,100,-1
103,101,2
106,102,4
106,103,3
103,102,1
100,100,0
98,100,-2
98,100,-2
99,100,-1
102,102,0
104,103,1
104,103,1
103,102,1
100,101,-1
98,100,-2
98,100,-2
100,101,-1
103,101,2
104,102,2
105,103,2
103,101,2
101,101,0
99,101,-2
98,101,-3
99,101,-2
101,101,0
104,103,1
106,103,3
105,101,4
101,101,0
98,101,-3
98,101,-3
100,101,-1
103,101,2
105,102,3
105,103,2
103,102,1
101,101,0
100,101,-1
99,100,-1
100,101,-1
102,102,0
104,102,2
105,102,3
103,102,1
100,102,-2
98,101,-3
98,100,-2
100,102,-2
102,102,0
104,102,2
105,103,2
105,102,3
103,102,1
100,101,-1
98,101,-3
99,102,-3
102,102,0
105,103,2
106,103,3
104,103,1
101,102,-1
100,101,-1
100,101,-1
101,101,0
103,102,1
105,103,2
106,103,3
104,103,1
101,103,-2
97,103,-6
96,103,-7
99,103,-4
103,103,0
104,104,0
103,104,-1
102,103,-1
103,103,0
106,103,3
106,103,3
106,103,3
105,103,2
105,104,1
105,104,1
103,103,0
99,103,-4
97,103,-6
98,103,-5
102,103,-1
106,103,3
107,103,4
105,103,2
102,102,0
100,102,-2
99,102,-3
99,102,-3
102,102,0
105,103,2
107,103,4
106,103,3
103,103,0
100,102,-2
99,102,-3
100,103,-3
103,103,0
106,103,3
107,104,3
106,103,3
103,103,0
100,103,-3
99,102,-3
101,103,-2
104,103,1
107,104,3
107,104,3
105,104,1
102,103,-1
100,103,-3
99,102,-3
100,103,-3
104,103,1
107,104,3
108,104,4
107,104,3
103,103,0
99,103,-4
98,103,-5
100,103,-3
103,103,0
106,104,2
107,104,3
107,103,4
104,103,1
101,103,-2
98,102,-4
99,102,-3
102,103,-1
106,103,3
108,104,4
107,104,3
103,103,0
99,102,-3
97,102,-5
98,102,-4
102,103,-1
107,104,3
109,104,5
108,104,4
104,104,0
100,103,-3
99,102,-3
100,102,-2
104,104,0
106,104,2
108,104,4
107,104,3
104,104,0
101,104,-3
98,102,-4
99,103,-4
102,104,-2
106,104,2
108,104,4
107,104,3
104,104,0
100,103,-3
98,102,-4
100,102,-2
103,103,0
107,104,3
109,104,5
108,104,4
104,104,0
100,103,-3
98,102,-4
99,102,-3
102,103,-1
106,104,2
109,105,4
108,104,4
106,103,3
102,102,0
100,102,-2
100,102,-2
102,103,-1
105,103,2
107,105,2
106,105,1
103,103,0
100,103,-3
98,102,-4
99,103,-4
103,103,0
107,105,2
109,105,4
108,105,3
105,105,0
102,103,-1
101,103,-2
102,104,-2
105,105,0
108,105,3
109,105,4
108,105,3
105,105,0
102,104,-2
101,104,-3
102,104,-2
104,104,0
107,105,2
108,105,3
107,105,2
104,104,0
101,104,-3
100,104,-4
101,104,-3
104,104,0
107,104,3
108,106,2
107,106,1
106,104,2
104,104,0
102,104,-2
103,104,-1
104,104,0
107,106,1
109,107,2
109,106,3
107,106,1
104,104,0
102,104,-2
102,104,-2
104,104,0
107,106,1
108,106,2
107,106,1
106,106,0
104,105,-1
102,104,-2
101,105,-4
103,105,-2
106,106,0
109,106,3
109,106,3
107,106,1
105,105,0
102,105,-3
103,105,-2
105,105,0
108,106,2
111,107,4
110,107,3
107,106,1
103,105,-2
101,105,-4
101,104,-3
104,105,-1
107,106,1
109,107,2
109,107,2
106,106,0
103,104,-1
101,103,-2
101,104,-3
103,105,-2
108,106,2
111,107,4
111,107,4
107,106,1
103,105,-2
100,103,-3
101,104,-3
105,105,0
109,107,2
112,107,5
111,107,4
108,107,1
103,105,-2
101,104,-3
101,104,-3
104,105,-1
107,107,0
109,107,2
109,107,2
107,107,0
104,104,0
101,104,-3
101,104,-3
103,104,-1
107,107,0
110,107,3
110,107,3
107,107,0
104,104,0
101,104,-3
101,104,-3
104,104,0
107,107,0
109,107,2
109,107,2
107,107,0
103,104,-1
100,104,-4
100,104,-4
103,104,-1
107,107,0
110,107,3
110,107,3
107,107,0
103,104,-1
101,104,-3
101,104,-3
104,104,0
108,106,2
111,107,4
111,107,4
108,106,2
104,105,-1
100,104,-4
99,104,-5
101,105,-4
106,106,0
110,107,3
111,107,4
109,106,3
105,105,0
101,105,-4
100,105,-5
103,105,-2
107,106,1
110,107,3
111,107,4
109,107,2
105,106,-1
101,105,-4
100,105,-5
102,106,-4
107,107,0
111,107,4
112,107,5
110,107,3
106,106,0
102,105,-3
101,105,-4
103,106,-3
107,107,0
111,107,4
112,108,4
109,107,2
105,106,-1
101,105,-4
100,105,-5
103,105,-2
108,107,1
111,108,3
111,108,3
109,108,1
105,105,0
102,105,-3
102,105,-3
104,105,-1
108,108,0
112,108,4
112,109,3
110,108,2
105,106,-1
102,105,-3
102,105,-3
105,106,-1
109,107,2
112,108,4
112,109,3
109,107,2
106,106,0
103,106,-3
102,106,-4
104,106,-2
107,107,0
110,109,1
111,109,2
109,107,2
106,106,0
103,106,-3
103,106,-3
106,106,0
109,107,2
112,108,4
112,108,4
110,108,2
106,106,0
103,106,-3
102,106,-4
104,106,-2
108,106,2
110,108,2
111,108,3
108,108,0
105,106,-1
102,105,-3
101,105,-4
102,105,-3
105,106,-1
108,108,0
110,108,2
110,107,3
108,106,2
105,105,0
103,105,-2
103,106,-3
106,106,0
109,107,2
111,108,3
110,107,3
107,107,0
104,106,-2
102,106,-4
103,106,-3
106,107,-1
109,107,2
111,107,4
110,107,3
107,107,0
104,107,-3
103,106,-3
104,106,-2
107,107,0
110,107,3
112,108,4
111,108,3
108,107,1
104,107,-3
102,106,-4
102,106,-4
106,107,-1
110,108,2
112,108,4
111,108,3
108,108,0
104,106,-2
101,105,-4
102,105,-3
105,106,-1
109,108,1
111,108,3
111,108,3
108,108,0
104,106,-2
102,105,-3
102,106,-4
105,106,-1
109,108,1
112,109,3
112,109,3
110,108,2
106,106,0
103,106,-3
103,106,-3
106,107,-1
109,109,0
112,109,3
112,109,3
109,109,0
106,107,-1
103,106,-3
104,106,-2
107,107,0
111,109,2
114,109,5
113,109,4
109,109,0
105,107,-2
102,106,-4
102,105,-3
105,107,-2
109,108,1
112,109,3
112,109,3
109,108,1
105,106,-1
101,105,-4
101,105,-4
104,106,-2
108,107,1
111,108,3
112,108,4
109,107,2
106,106,0
102,106,-4
101,106,-5
103,106,-3
107,107,0
111,108,3
112,108,4
109,107,2
106,106,0
103,106,-3
103,106,-3
105,106,-1
108,107,1
111,108,3
112,109,3
110,108,2
106,108,-2
102,107,-5
102,108,-6
105,108,-3
109,109,0
112,109,3
112,109,3
110,109,1
108,108,0
107,108,-1
107,108,-1
109,109,0
111,109,2
113,109,4
112,109,3
108,109,-1
104,108,-4
102,108,-6
105,108,-3
109,108,1
113,109,4
113,109,4
110,108,2
106,108,-2
102,107,-5
101,106,-5
104,107,-3
108,108,0
111,109,2
113,110,3
111,108,3
107,107,0
104,107,-3
103,107,-4
106,107,-1
110,108,2
112,108,4
113,110,3
110,108,2
107,107,0
104,107,-3
103,107,-4
105,107,-2
108,108,0
112,110,2
113,110,3
111,108,3
107,107,0
104,107,-3
103,107,-4
106,107,-1
110,108,2
113,110,3
113,111,2
111,110,1
107,108,-1
104,107,-3
104,107,-3
106,108,-2
111,110,1
115,110,5
115,111,4
112,110,2
108,108,0
105,108,-3
105,108,-3
106,108,-2
110,109,1
113,110,3
114,110,4
112,109,3
108,108,0
105,108,-3
104,108,-4
105,108,-3
109,109,0
112,109,3
114,109,5
112,109,3
108,109,-1
105,108,-3
103,108,-5
105,109,-4
109,109,0
113,109,4
115,110,5
113,110,3
110,109,1
107,109,-2
105,109,-4
106,109,-3
109,110,-1
112,110,2
114,110,4
113,110,3
110,110,0
107,110,-3
105,109,-4
107,109,-2
110,110,0
113,110,3
115,110,5
113,110,3
110,110,0
107,110,-3
105,109,-4
106,109,-3
109,110,-1
113,110,3
116,112,4
115,111,4
113,110,3
109,109,0
107,109,-2
107,109,-2
109,109,0
112,111,1
115,112,3
114,111,3
111,111,0
107,109,-2
105,109,-4
106,109,-3
109,109,0
112,111,1
114,111,3
113,111,2
111,111,0
108,109,-1
106,108,-2
105,108,-3
107,109,-2
112,111,1
115,112,3
115,112,3
112,111,1
107,108,-1
105,108,-3
105,108,-3
108,108,0
112,112,0
115,112,3
114,112,2
112,112,0
108,108,0
105,108,-3
105,108,-3
108,108,0
112,112,0
116,112,4
115,112,3
112,112,0
108,109,-1
105,108,-3
105,108,-3
108,109,-1
112,111,1
116,112,4
117,112,5
114,111,3
109,109,0
105,109,-4
105,109,-4
107,109,-2
111,111,0
114,112,2
114,112,2
112,111,1
109,109,0
107,109,-2
106,109,-3
108,109,-1
112,111,1
116,111,5
116,112,4
114,111,3
109,110,-1
106,109,-3
105,109,-4
107,110,-3
111,111,0
115,111,4
116,111,5
114,111,3
110,111,-1
107,110,-3
106,110,-4
107,110,-3
111,111,0
114,111,3
116,111,5
114,111,3
111,111,0
107,110,-3
105,110,-5
106,110,-4
110,111,-1
115,111,4
117,111,6
115,111,4
111,110,1
107,110,-3
105,109,-4
106,110,-4
109,110,-1
113,110,3
116,111,5
115,111,4
110,110,0
106,110,-4
103,109,-6
105,110,-5
110,110,0
114,110,4
116,111,5
115,111,4
111,110,1
107,110,-3
105,110,-5
106,110,-4
110,111,-1
115,111,4
117,112,5
115,112,3
112,111,1
108,111,-3
106,110,-4
108,110,-2
111,111,0
115,112,3
117,112,5
116,112,4
112,112,0
108,111,-3
106,110,-4
107,110,-3
110,111,-1
114,112,2
116,112,4
115,112,3
112,111,1
108,110,-2
105,108,-3
105,108,-3
108,110,-2
113,111,2
115,112,3
115,111,4
111,111,0
107,108,-1
104,108,-4
105,108,-3
108,108,0
112,111,1
115,111,4
115,111,4
111,111,0
106,108,-2
104,108,-4
105,108,-3
108,108,0
112,111,1
115,112,3
115,112,3
112,111,1
108,109,-1
104,108,-4
104,108,-4
108,109,-1
112,111,1
115,112,3
115,112,3
112,111,1
109,110,-1
106,109,-3
106,109,-3
108,110,-2
111,111,0
114,112,2
115,112,3
113,111,2
110,110,0
107,110,-3
106,110,-4
109,110,-1
113,111,2
116,111,5
116,112,4
114,111,3
110,110,0
107,110,-3
106,109,-3
108,110,-2
111,110,1
114,111,3
114,111,3
112,111,1
109,110,-1
107,110,-3
106,109,-3
107,110,-3
110,111,-1
114,111,3
116,111,5
115,111,4
111,111,0
108,110,-2
106,110,-4
108,111,-3
111,111,0
115,112,3
116,112,4
115,112,3
112,112,0
109,111,-2
107,111,-4
108,112,-4
112,112,0
116,113,3
118,113,5
116,113,3
113,112,1
109,112,-3
107,112,-5
109,112,-3
113,112,1
117,113,4
118,113,5
116,113,3
112,112,0
109,112,-3
107,112,-5
108,112,-4
112,112,0
115,112,3
117,112,5
116,112,4
112,112,0
108,112,-4
106,112,-6
108,112,-4
112,112,0
117,112,5
118,112,6
116,112,4
112,112,0
109,112,-3
108,112,-4
109,112,-3
112,112,0
116,112,4
118,113,5
117,113,4
113,112,1
108,112,-4
106,111,-5
107,111,-4
110,112,-2
114,113,1
116,114,2
116,114,2
114,113,1
111,111,0
108,111,-3
108,111,-3
111,111,0
115,114,1
118,114,4
118,114,4
115,114,1
110,111,-1
107,111,-4
107,111,-4
110,111,-1
114,114,0
117,115,2
118,115,3
116,114,2
111,112,-1
108,111,-3
108,111,-3
110,112,-2
115,114,1
119,115,4
120,115,5
117,115,2
112,112,0
108,112,-4
107,112,-5
110,112,-2
115,114,1
118,115,3
118,115,3
116,114,2
112,112,0
109,112,-3
108,112,-4
110,112,-2
114,114,0
118,114,4
119,114,5
117,114,3
112,112,0
107,112,-5
106,112,-6
109,112,-3
114,114,0
118,114,4
119,114,5
117,114,3
112,113,-1
108,112,-4
107,112,-5
109,112,-3
114,113,1
118,114,4
120,114,6
118,113,5
113,112,1
108,112,-4
106,112,-6
108,112,-4
112,112,0
117,113,4
119,113,6
117,113,4
112,112,0
108,112,-4
106,112,-6
108,112,-4
112,112,0
116,114,2
119,114,5
118,114,4
114,112,2
108,112,-4
105,112,-7
108,112,-4
114,114,0
120,114,6
121,116,5
116,114,2
109,114,-5
106,112,-6
108,112,-4
112,114,-2
117,114,3
120,116,4
119,116,3
116,116,0
112,114,-2
110,112,-2
111,112,-1
114,114,0
119,116,3
122,116,6
120,116,4
116,116,0
111,114,-3
108,112,-4
108,114,-6
112,114,-2
117,116,1
120,116,4
120,116,4
116,116,0
112,115,-3
110,114,-4
111,115,-4
114,116,-2
119,116,3
121,117,4
121,118,3
118,116,2
115,116,-1
112,115,-3
112,116,-4
116,116,0
120,118,2
122,119,3
122,119,3
119,118,1
115,116,-1
113,116,-3
113,116,-3
116,118,-2
121,119,2
124,120,4
125,120,5
121,119,2
116,118,-2
113,117,-4
114,117,-3
118,118,0
122,120,2
124,121,3
123,121,2
120,120,0
117,118,-1
114,117,-3
114,117,-3
117,118,-1
122,119,3
125,120,5
125,119,6
121,118,3
116,117,-1
113,117,-4
113,116,-3
116,117,-1
119,117,2
121,118,3
120,118,2
118,117,1
115,116,-1
112,116,-4
111,115,-4
113,116,-3
117,117,0
121,118,3
122,118,4
119,117,2
115,116,-1
112,115,-3
112,115,-3
115,116,-1
119,117,2
122,118,4
122,119,3
120,118,2
116,116,0
113,116,-3
112,116,-4
114,116,-2
118,118,0
121,118,3
122,118,4
120,118,2
116,118,-2
113,116,-3
112,116,-4
114,116,-2
118,118,0
122,118,4
124,118,6
123,118,5
118,118,0
114,116,-2
111,116,-5
112,116,-4
116,118,-2
121,118,3
124,119,5
123,118,5
119,118,1
114,116,-2
112,116,-4
112,116,-4
116,118,-2
120,118,2
122,119,3
121,119,2
118,118,0
114,118,-4
112,116,-4
114,116,-2
118,118,0
122,118,4
124,119,5
123,119,4
119,118,1
115,118,-3
112,116,-4
112,116,-4
116,118,-2
121,119,2
124,119,5
124,119,5
121,118,3
116,116,0
112,116,-4
112,116,-4
115,116,-1
119,118,1
122,119,3
122,119,3
118,118,0
114,116,-2
111,115,-4
111,115,-4
115,115,0
120,118,2
123,119,4
123,119,4
119,118,1
114,115,-1
111,115,-4
111,115,-4
115,115,0
121,118,3
124,119,5
123,118,5
119,117,2
114,115,-1
110,114,-4
110,114,-4
113,115,-2
118,116,2
121,117,4
120,117,3
117,116,1
113,114,-1
109,113,-4
108,113,-5
111,114,-3
116,116,0
120,117,3
121,117,4
118,116,2
113,116,-3
110,114,-4
110,114,-4
114,116,-2
119,116,3
122,117,5
123,118,5
120,117,3
116,116,0
113,115,-2
112,115,-3
113,116,-3
117,117,0
121,118,3
122,118,4
119,117,2
115,116,-1
111,116,-5
110,115,-5
113,116,-3
118,117,1
122,118,4
123,118,5
121,118,3
116,116,0
112,116,-4
110,116,-6
112,116,-4
118,116,2
123,118,5
124,118,6
121,116,5
116,116,0
111,116,-5
109,115,-6
111,116,-5
116,116,0
120,116,4
121,116,5
119,116,3
115,116,-1
111,116,-5
110,115,-5
112,116,-4
116,116,0
121,117,4
122,117,5
121,117,4
117,117,0
114,116,-2
113,116,-3
114,117,-3
117,117,0
122,118,4
124,119,5
123,118,5
119,117,2
114,117,-3
112,117,-5
113,117,-4
118,117,1
122,117,5
124,118,6
122,117,5
117,117,0
111,117,-6
108,114,-6
109,116,-7
113,117,-4
117,117,0
120,117,3
120,117,3
117,117,0
113,116,-3
112,114,-2
113,115,-2
116,116,0
121,117,4
124,117,7
123,118,5
119,117,2
114,116,-2
111,115,-4
112,116,-4
115,117,-2
119,118,1
121,119,2
120,119,1
118,118,0
115,117,-2
113,116,-3
114,117,-3
117,117,0
121,118,3
123,119,4
123,118,5
120,118,2
116,117,-1
114,117,-3
114,117,-3
117,117,0
120,118,2
122,118,4
121,118,3
118,118,0
114,117,-3
112,116,-4
112,115,-3
115,117,-2
118,118,0
121,118,3
121,118,3
118,118,0
115,115,0
112,115,-3
112,115,-3
115,115,0
119,117,2
122,118,4
122,118,4
118,117,1
114,115,-1
111,115,-4
111,115,-4
113,115,-2
117,117,0
121,118,3
122,118,4
120,117,3
115,116,-1
111,115,-4
110,115,-5
114,116,-2
119,117,2
123,117,6
123,119,4
120,118,2
116,117,-1
112,116,-4
110,116,-6
112,117,-5
117,118,-1
122,119,3
124,119,5
122,118,4
118,117,1
113,116,-3
112,116,-4
115,117,-2
119,117,2
123,118,5
123,119,4
121,118,3
116,117,-1
112,116,-4
110,115,-5
112,115,-3
117,116,1
121,117,4
122,117,5
120,116,4
115,115,0
111,115,-4
109,113,-4
111,115,-4
115,115,0
119,115,4
120,115,5
117,115,2
113,115,-2
108,113,-5
107,113,-6
110,113,-3
115,115,0
119,115,4
120,115,5
118,115,3
113,113,0
109,113,-4
108,113,-5
110,113,-3
115,115,0
119,115,4
121,115,6
118,115,3
113,115,-2
108,113,-5
106,113,-7
109,114,-5
115,115,0
121,115,6
123,115,8
121,115,6
115,115,0
110,114,-4
108,114,-6
110,115,-5
114,115,-1
119,115,4
121,115,6
119,115,4
115,115,0
111,115,-4
109,114,-5
111,115,-4
115,115,0
120,115,5
121,116,5
120,116,4
115,115,0
111,115,-4
110,115,-5
111,115,-4
116,115,1
120,116,4
122,116,6
120,116,4
116,115,1
111,114,-3
108,113,-5
109,113,-4
113,114,-1
117,116,1
119,116,3
118,114,4
114,113,1
109,113,-4
108,112,-4
109,112,-3
113,113,0
117,113,4
118,114,4
116,113,3
112,112,0
108,112,-4
106,111,-5
107,111,-4
111,112,-1
116,112,4
118,112,6
116,112,4
112,112,0
108,111,-3
106,110,-4
107,111,-4
110,112,-2
114,112,2
116,113,3
116,112,4
113,112,1
108,110,-2
104,110,-6
106,112,-6
112,112,0
118,113,5
120,113,7
115,113,2
109,112,-3
105,112,-7
107,111,-4
112,112,0
117,112,5
118,113,5
117,114,3
113,113,0
109,112,-3
107,111,-4
107,111,-4
111,112,-1
116,113,3
119,114,5
118,113,5
114,113,1
110,111,-1
107,111,-4
108,111,-3
111,112,-1
115,113,2
118,114,4
117,114,3
113,113,0
109,112,-3
107,111,-4
108,111,-3
112,112,0
116,113,3
118,114,4
118,114,4
114,113,1
110,112,-2
107,111,-4
107,111,-4
110,112,-2
114,114,0
117,114,3
118,114,4
115,114,1
111,112,-1
109,111,-2
109,111,-2
111,112,-1
115,114,1
118,115,3
118,115,3
116,115,1
112,112,0
108,111,-3
108,112,-4
111,113,-2
116,115,1
119,115,4
119,116,3
115,115,0
111,113,-2
109,112,-3
110,112,-2
113,113,0
117,115,2
120,115,5
120,115,5
116,115,1
112,113,-1
108,113,-5
107,113,-6
110,113,-3
115,115,0
119,116,3
120,116,4
117,115,2
113,113,0
109,113,-4
107,113,-6
110,113,-3
116,115,1
121,115,6
122,116,6
119,115,4
113,113,0
108,113,-5
107,112,-5
110,113,-3
115,115,0
119,116,3
120,116,4
117,115,2
112,114,-2
108,113,-5
108,112,-4
111,114,-3
116,114,2
120,115,5
121,116,5
119,114,5
114,114,0
110,114,-4
108,114,-6
110,114,-4
114,114,0
120,115,5
122,115,7
119,115,4
114,114,0
109,114,-5
108,114,-6
110,114,-4
115,115,0
120,115,5
121,115,6
119,115,4
115,115,0
110,114,-4
108,113,-5
110,115,-5
115,115,0
119,115,4
121,115,6
118,115,3
113,115,-2
108,113,-5
107,113,-6
109,113,-4
115,114,1
119,115,4
121,115,6
119,114,5
113,114,-1
108,113,-5
106,113,-7
109,114,-5
114,114,0
119,114,5
121,114,7
119,114,5
114,114,0
109,114,-5
107,114,-7
109,114,-5
114,114,0
119,114,5
121,115,6
120,115,5
115,114,1
111,114,-3
108,114,-6
110,114,-4
114,114,0
119,115,4
121,115,6
120,115,5
115,114,1
110,113,-3
108,113,-5
109,113,-4
113,113,0
117,114,3
119,115,4
118,115,3
113,113,0
109,113,-4
106,112,-6
107,113,-6
112,113,-1
117,113,4
120,115,5
119,114,5
115,113,2
110,113,-3
108,112,-4
109,112,-3
113,113,0
118,114,4
121,115,6
119,114,5
114,114,0
109,113,-4
106,112,-6
107,112,-5
112,113,-1
116,114,2
119,114,5
118,114,4
114,114,0
110,112,-2
107,112,-5
107,112,-5
112,114,-2
117,115,2
120,116,4
120,116,4
116,115,1
111,114,-3
109,113,-4
111,113,-2
115,115,0
119,116,3
121,116,5
120,116,4
117,115,2
113,115,-2
110,113,-3
110,113,-3
113,115,-2
116,115,1
119,116,3
118,116,2
115,115,0
110,113,-3
108,113,-5
109,113,-4
113,113,0
117,115,2
120,116,4
119,115,4
116,115,1
112,113,-1
110,113,-3
110,113,-3
113,113,0
117,115,2
119,116,3
119,115,4
115,115,0
111,113,-2
108,113,-5
109,113,-4
113,113,0
117,115,2
119,115,4
118,115,3
115,115,0
111,113,-2
109,111,-2
109,112,-3
111,113,-2
115,115,0
118,115,3
118,115,3
115,115,0
110,112,-2
107,111,-4
108,111,-3
112,112,0
116,115,1
119,115,4
119,116,3
116,115,1
111,112,-1
107,112,-5
107,112,-5
111,112,-1
116,116,0
119,116,3
119,116,3
116,116,0
112,113,-1
108,112,-4
108,113,-5
111,113,-2
116,116,0
120,116,4
121,116,5
118,116,2
113,114,-1
109,113,-4
109,113,-4
113,114,-1
118,116,2
122,116,6
122,118,4
119,116,3
114,114,0
110,113,-3
109,113,-4
112,114,-2
116,116,0
120,117,3
121,117,4
118,116,2
113,114,-1
109,114,-5
108,113,-5
112,114,-2
117,116,1
122,117,5
123,117,6
119,117,2
114,114,0
109,113,-4
109,113,-4
112,114,-2
117,115,2
120,117,3
121,117,4
118,115,3
113,114,-1
108,113,-5
107,113,-6
110,113,-3
115,115,0
120,116,4
121,116,5
118,115,3
113,114,-1
109,113,-4
108,113,-5
111,114,-3
116,115,1
120,116,4
121,116,5
119,116,3
114,114,0
109,113,-4
107,112,-5
110,114,-4
116,114,2
121,116,5
122,116,6
118,114,4
112,114,-2
107,114,-7
106,112,-6
109,114,-5
114,114,0
119,115,4
121,115,6
119,114,5
114,114,0
109,112,-3
108,112,-4
110,114,-4
115,114,1
120,114,6
121,115,6
118,114,4
112,114,-2
107,112,-5
106,112,-6
109,112,-3
114,113,1
119,114,5
120,114,6
118,113,5
112,113,-1
107,112,-5
105,112,-7
108,113,-5
113,113,0
118,114,4
120,114,6
118,114,4
113,113,0
109,113,-4
107,113,-6
109,113,-4
114,113,1
118,114,4
120,114,6
119,114,5
114,114,0
110,113,-3
107,113,-6
109,114,-5
113,114,-1
119,114,5
121,115,6
119,115,4
114,114,0
110,114,-4
108,113,-5
111,114,-3
115,114,1
120,115,5
122,115,7
120,115,5
115,115,0
110,114,-4
108,114,-6
110,114,-4
114,115,-1
119,115,4
122,115,7
120,115,5
115,115,0
110,114,-4
108,114,-6
109,114,-5
114,114,0
119,115,4
121,115,6
120,115,5
115,115,0
110,114,-4
108,114,-6
109,114,-5
114,114,0
119,115,4
121,116,5
121,116,5
116,115,1
112,114,-2
109,114,-5
110,114,-4
114,114,0
119,116,3
122,117,5
121,116,5
117,116,1
112,114,-2
109,114,-5
110,114,-4
114,114,0
119,116,3
121,117,4
120,116,4
116,116,0
111,114,-3
108,113,-5
109,114,-5
113,116,-3
118,116,2
121,118,3
120,116,4
116,116,0
111,113,-2
109,113,-4
112,115,-3
119,116,3
123,118,5
123,118,5
118,116,2
112,116,-4
109,115,-6
111,114,-3
115,115,0
118,116,2
120,118,2
119,116,3
116,116,0
112,115,-3
110,114,-4
110,114,-4
114,115,-1
119,116,3
122,116,6
121,116,5
116,116,0
111,114,-3
108,113,-5
109,113,-4
113,114,-1
118,116,2
122,118,4
122,117,5
118,116,2
113,113,0
109,113,-4
109,113,-4
113,113,0
118,117,1
122,118,4
121,117,4
117,117,0
111,113,-2
107,113,-6
108,113,-5
112,113,-1
118,117,1
122,117,5
122,117,5
117,117,0
111,113,-2
108,113,-5
108,113,-5
113,114,-1
119,117,2
123,118,5
123,118,5
119,117,2
113,114,-1
109,113,-4
110,114,-4
114,114,0
119,118,1
123,119,4
122,118,4
118,118,0
113,114,-1
109,114,-5
110,114,-4
114,114,0
119,118,1
123,118,5
122,118,4
118,117,1
112,114,-2
108,113,-5
108,112,-4
112,114,-2
118,117,1
122,118,4
122,117,5
117,117,0
112,112,0
108,112,-4
108,112,-4
112,112,0
118,117,1
121,117,4
121,117,4
117,117,0
111,113,-2
107,112,-5
107,112,-5
111,113,-2
117,117,0
122,117,5
122,117,5
119,117,2
113,114,-1
109,113,-4
108,113,-5
112,114,-2
117,117,0
122,117,5
123,118,5
120,117,3
114,115,-1
110,114,-4
109,114,-5
112,115,-3
118,117,1
123,117,6
124,118,6
121,117,4
115,115,0
110,114,-4
109,113,-4
112,115,-3
117,117,0
121,118,3
122,118,4
118,117,1
113,115,-2
109,114,-5
108,113,-5
112,114,-2
118,117,1
123,117,6
124,118,6
120,117,3
114,115,-1
110,114,-4
109,114,-5
112,115,-3
117,116,1
121,117,4
122,117,5
120,116,4
115,115,0
111,114,-3
109,114,-5
111,115,-4
116,116,0
121,117,4
122,117,5
119,116,3
114,115,-1
110,115,-5
109,114,-5
112,115,-3
117,116,1
121,117,4
122,118,4
120,117,3
115,115,0
112,115,-3
111,115,-4
113,115,-2
118,116,2
122,117,5
123,118,5
120,116,4
115,115,0
111,115,-4
109,114,-5
112,115,-3
116,116,0
120,117,3
121,117,4
119,116,3
114,115,-1
111,114,-3
110,114,-4
112,114,-2
117,116,1
121,116,5
121,117,4
119,116,3
114,114,0
109,114,-5
108,114,-6
111,114,-3
116,116,0
120,116,4
121,116,5
118,116,2
114,115,-1
110,114,-4
109,114,-5
111,115,-4
116,116,0
120,116,4
122,116,6
120,116,4
115,115,0
110,114,-4
108,114,-6
111,115,-4
116,115,1
121,116,5
122,116,6
119,115,4
114,115,-1
109,114,-5
108,114,-6
111,114,-3
115,115,0
120,116,4
121,116,5
119,115,4
114,114,0
109,114,-5
108,114,-6
111,114,-3
116,114,2
120,115,5
121,116,5
119,114,5
114,114,0
109,114,-5
107,114,-7
109,114,-5
114,114,0
119,114,5
121,114,7
119,114,5
114,114,0
108,114,-6
105,113,-8
107,114,-7
113,114,-1
119,115,4
122,115,7
121,115,6
115,115,0
110,114,-4
108,113,-5
110,113,-3
115,115,0
121,115,6
123,116,7
121,115,6
116,115,1
110,115,-5
106,113,-7
108,113,-5
113,115,-2
119,115,4
123,116,7
121,115,6
115,115,0
109,113,-4
106,113,-7
108,113,-5
113,114,-1
119,115,4
122,115,7
120,115,5
115,115,0
110,114,-4
107,113,-6
109,114,-5
114,115,-1
120,115,5
122,115,7
121,115,6
115,115,0
110,115,-5
108,114,-6
110,114,-4
115,115,0
120,115,5
122,115,7
120,115,5
115,115,0
109,115,-6
107,114,-7
109,114,-5
114,115,-1
120,115,5
123,115,8
121,115,6
115,115,0
109,114,-5
106,114,-8
109,114,-5
114,114,0
120,115,5
122,115,7
120,115,5
115,115,0
109,114,-5
107,114,-7
109,114,-5
114,114,0
120,115,5
123,115,8
120,115,5
115,115,0
109,114,-5
107,114,-7
109,114,-5
114,115,-1
119,115,4
121,116,5
120,116,4
116,115,1
111,115,-4
109,114,-5
110,114,-4
115,115,0
119,116,3
122,118,4
121,116,5
118,115,3
113,115,-2
109,113,-4
110,115,-5
113,115,-2
118,115,3
121,118,3
119,115,4
115,115,0
111,115,-4
109,113,-4
111,115,-4
115,115,0
119,115,4
121,115,6
120,115,5
115,115,0
110,115,-5
107,115,-8
109,115,-6
115,115,0
120,115,5
122,116,6
120,115,5
115,115,0
111,115,-4
109,114,-5
111,115,-4
116,115,1
120,115,5
122,116,6
120,115,5
114,115,-1
109,114,-5
107,114,-7
110,114,-4
115,114,1
120,115,5
121,115,6
119,114,5
114,114,0
109,114,-5
107,113,-6
108,114,-6
113,114,-1
119,114,5
121,114,7
119,114,5
114,114,0
109,114,-5
107,113,-6
109,113,-4
114,114,0
120,114,6
122,115,7
120,114,6
115,114,1
109,114,-5
107,113,-6
108,113,-5
113,114,-1
118,114,4
121,115,6
119,114,5
114,114,0
109,113,-4
106,113,-7
108,113,-5
113,113,0
119,114,5
121,114,7
119,114,5
114,114,0
108,113,-5
106,113,-7
108,113,-5
113,113,0
119,114,5
122,116,6
121,115,6
116,114,2
110,113,-3
107,113,-6
108,113,-5
113,113,0
118,115,3
122,116,6
120,115,5
115,115,0
110,113,-3
107,113,-6
108,113,-5
113,113,0
118,115,3
121,115,6
120,115,5
115,115,0
109,113,-4
107,113,-6
108,113,-5
113,113,0
119,115,4
122,117,5
121,116,5
117,115,2
111,113,-2
107,112,-5
108,112,-4
112,113,-1
118,116,2
122,117,5
121,116,5
116,115,1
110,112,-2
106,111,-5
107,112,-5
111,115,-4
117,116,1
121,117,4
120,116,4
115,115,0
108,111,-3
105,111,-6
109,114,-5
118,115,3
125,117,8
125,118,7
118,118,0
110,115,-5
107,114,-7
109,114,-5
114,115,-1
119,118,1
122,118,4
121,118,3
118,118,0
113,115,-2
109,114,-5
110,115,-5
115,117,-2
121,118,3
124,118,6
123,118,5
118,117,1
113,116,-3
110,115,-5
112,116,-4
117,117,0
121,117,4
124,118,6
122,117,5
116,117,-1
111,116,-5
108,116,-8
110,116,-6
117,116,1
122,117,5
125,117,8
122,116,6
116,116,0
110,116,-6
107,115,-8
109,115,-6
115,116,-1
121,116,5
123,116,7
121,116,5
116,116,0
110,115,-5
107,113,-6
109,113,-4
113,115,-2
119,116,3
123,118,5
122,118,4
118,116,2
112,113,-1
108,113,-5
109,113,-4
113,113,0
119,118,1
122,118,4
122,118,4
118,118,0
113,113,0
109,113,-4
109,113,-4
113,114,-1
119,118,1
123,118,5
123,118,5
118,118,0
112,115,-3
109,114,-5
110,115,-5
114,115,-1
119,118,1
123,119,4
123,119,4
119,118,1
115,115,0
111,115,-4
111,115,-4
115,115,0
120,119,1
124,119,5
123,119,4
119,116,3
114,115,-1
109,115,-6
109,114,-5
113,115,-2
119,116,3
122,119,3
121,118,3
116,116,0
111,114,-3
108,113,-5
109,113,-4
113,115,-2
119,116,3
122,118,4
122,118,4
118,116,2
113,115,-2
110,113,-3
111,114,-3
115,115,0
121,118,3
124,119,5
123,118,5
119,117,2
113,115,-2
110,114,-4
110,114,-4
114,115,-1
119,117,2
123,119,4
122,119,3
117,117,0
111,114,-3
108,114,-6
109,114,-5
114,114,0
121,117,4
125,119,6
125,118,7
120,117,3
114,114,0
109,114,-5
109,114,-5
114,114,0
120,118,2
124,120,4
123,119,4
118,118,0
112,114,-2
108,114,-6
109,114,-5
114,114,0
120,118,2
124,119,5
123,118,5
119,118,1
112,114,-2
109,114,-5
109,114,-5
114,114,0
120,118,2
124,118,6
123,118,5
118,118,0
112,114,-2
107,112,-5
107,112,-5
112,114,-2
118,118,0
122,118,4
122,118,4
118,117,1
112,112,0
107,112,-5
107,112,-5
112,112,0
118,117,1
122,118,4
122,118,4
117,117,0
111,112,-1
107,112,-5
107,112,-5
112,112,0
118,117,1
122,117,5
122,117,5
118,116,2
112,112,0
107,112,-5
106,112,-6
111,112,-1
117,116,1
121,117,4
121,117,4
116,116,0
110,112,-2
106,111,-5
106,111,-5
111,111,0
117,115,2
121,116,5
121,116,5
117,115,2
110,112,-2
105,111,-6
105,111,-6
109,112,-3
115,115,0
120,117,3
121,117,4
117,115,2
112,112,0
107,110,-3
106,110,-4
110,112,-2
117,115,2
122,115,7
122,116,6
117,115,2
110,112,-2
105,110,-5
104,110,-6
108,110,-2
115,115,0
120,116,4
120,116,4
116,115,1
110,110,0
105,110,-5
104,110,-6
109,110,-1
116,115,1
121,116,5
122,116,6
117,116,1
110,111,-1
105,110,-5
104,110,-6
109,111,-2
116,115,1
121,116,5
121,116,5
117,115,2
111,111,0
106,110,-4
106,110,-4
110,111,-1
115,113,2
120,115,5
121,115,6
117,113,4
110,111,-1
105,111,-6
104,110,-6
107,111,-4
113,113,0
118,113,5
119,113,6
116,113,3
111,111,0
107,110,-3
105,110,-5
108,111,-3
113,112,1
117,113,4
119,113,6
116,112,4
110,111,-1
105,111,-6
103,110,-7
106,111,-5
112,112,0
117,112,5
119,112,7
116,112,4
111,111,0
106,110,-4
105,110,-5
107,111,-4
112,111,1
117,112,5
118,112,6
115,111,4
110,111,-1
104,110,-6
102,109,-7
105,110,-5
111,111,0
117,112,5
119,112,7
116,111,5
109,110,-1
104,110,-6
102,109,-7
106,110,-4
112,111,1
117,112,5
119,113,6
116,112,4
110,110,0
105,110,-5
103,110,-7
106,110,-4
113,112,1
119,112,7
120,113,7
116,112,4
110,110,0
105,110,-5
103,110,-7
106,110,-4
112,110,2
117,112,5
119,112,7
116,110,6
110,110,0
104,110,-6
102,110,-8
105,110,-5
110,110,0
116,110,6
119,110,9
116,110,6
110,110,0
103,110,-7
100,110,-10
103,110,-7
110,110,0
116,110,6
119,111,8
116,111,5
110,110,0
105,110,-5
103,110,-7
106,110,-4
111,110,1
116,111,5
119,111,8
117,111,6
111,111,0
104,110,-6
101,110,-9
103,110,-7
110,111,-1
117,111,6
120,111,9
118,111,7
111,111,0
104,110,-6
101,110,-9
104,110,-6
110,111,-1
117,111,6
120,111,9
118,111,7
111,111,0
105,111,-6
103,110,-7
105,110,-5
111,111,0
116,111,5
119,112,7
118,112,6
112,111,1
106,111,-5
103,110,-7
105,110,-5
110,111,-1
116,112,4
119,112,7
117,112,5
112,112,0
105,110,-5
102,110,-8
104,110,-6
110,110,0
117,112,5
121,112,9
119,112,7
112,111,1
104,110,-6
100,109,-9
103,109,-6
109,110,-1
116,111,5
119,112,7
116,111,5
111,111,0
105,109,-4
102,109,-7
104,109,-5
109,110,-1
115,111,4
118,111,7
116,111,5
111,111,0
104,110,-6
102,109,-7
104,110,-6
110,111,-1
117,111,6
120,113,7
118,113,5
113,111,2
107,111,-4
104,110,-6
106,111,-5
111,111,0
117,113,4
120,113,7
119,113,6
113,112,1
107,111,-4
104,111,-7
105,111,-6
111,111,0
116,112,4
119,113,6
117,112,5
112,111,1
105,110,-5
102,109,-7
103,110,-7
109,111,-2
115,111,4
117,112,5
116,112,4
110,111,-1
105,110,-5
103,109,-6
105,110,-5
111,110,1
117,111,6
120,112,8
118,112,6
112,111,1
106,110,-4
104,110,-6
105,111,-6
110,111,-1
115,112,3
118,113,5
118,112,6
113,111,2
107,110,-3
103,110,-7
104,110,-6
111,111,0
118,113,5
119,113,6
114,112,2
106,111,-5
101,110,-9
103,110,-7
110,110,0
116,111,5
118,112,6
117,112,5
112,111,1
107,110,-3
104,110,-6
105,110,-5
110,110,0
116,111,5
119,112,7
117,112,5
111,111,0
105,110,-5
102,109,-7
104,109,-5
109,110,-1
115,111,4
118,112,6
118,112,6
112,111,1
106,109,-3
102,109,-7
104,109,-5
109,109,0
116,112,4
119,113,6
118,113,5
113,112,1
106,109,-3
102,108,-6
103,109,-6
108,109,-1
115,113,2
119,113,6
118,113,5
113,112,1
107,109,-2
103,108,-5
104,108,-4
109,109,0
115,112,3
118,113,5
117,112,5
112,112,0
106,109,-3
101,108,-7
102,108,-6
108,109,-1
115,112,3
119,112,7
118,112,6
112,112,0
106,108,-2
102,108,-6
103,108,-5
108,109,-1
114,112,2
118,112,6
117,112,5
112,112,0
105,109,-4
102,108,-6
103,108,-5
109,109,0
116,112,4
120,114,6
120,114,6
115,112,3
108,109,-1
103,108,-5
103,108,-5
107,109,-2
114,114,0
119,115,4
119,115,4
115,114,1
108,108,0
103,108,-5
103,108,-5
108,108,0
115,114,1
120,114,6
120,115,5
115,114,1
108,108,0
103,108,-5
102,108,-6
107,108,-1
114,114,0
119,114,5
120,114,6
115,114,1
108,108,0
103,108,-5
102,107,-5
107,108,-1
114,111,3
120,114,6
120,114,6
115,111,4
107,108,-1
101,107,-6
100,107,-7
104,107,-3
111,111,0
117,112,5
118,112,6
114,111,3
107,107,0
103,107,-4
102,107,-5
106,107,-1
112,111,1
117,112,5
117,112,5
113,112,1
107,108,-1
103,107,-4
102,107,-5
106,108,-2
112,112,0
118,112,6
119,112,7
115,112,3
108,108,0
103,107,-4
103,107,-4
107,108,-1
113,112,1
117,112,5
116,112,4
112,112,0
106,108,-2
102,107,-5
101,107,-6
105,107,-2
112,112,0
118,112,6
119,112,7
115,112,3
107,109,-2
102,107,-5
102,107,-5
106,109,-3
112,112,0
118,112,6
119,113,6
115,112,3
109,109,0
103,108,-5
102,108,-6
106,109,-3
113,112,1
117,113,4
118,113,5
113,113,0
108,109,-1
103,109,-6
103,108,-5
107,109,-2
113,113,0
118,113,5
119,113,6
116,113,3
109,109,0
104,109,-5
103,109,-6
107,109,-2
113,112,1
118,113,5
118,113,5
115,112,3
109,110,-1
104,109,-5
102,109,-7
106,110,-4
112,112,0
118,112,6
120,112,8
117,112,5
110,110,0
105,109,-4
103,109,-6
106,110,-4
112,111,1
117,112,5
119,112,7
116,111,5
109,111,-2
103,110,-7
101,109,-8
105,111,-6
111,111,0
116,111,5
119,111,8
116,111,5
111,111,0
105,111,-6
102,111,-9
104,111,-7
111,111,0
117,111,6
120,112,8
118,111,7
112,111,1
106,111,-5
103,111,-8
105,111,-6
111,111,0
117,111,6
120,112,8
118,112,6
111,111,0
105,111,-6
102,110,-8
104,111,-7
110,111,-1
116,111,5
120,112,8
118,112,6
112,111,1
105,111,-6
102,110,-8
104,110,-6
111,111,0
118,112,6
122,113,9
120,113,7
113,112,1
106,111,-5
102,109,-7
104,109,-5
109,111,-2
116,113,3
119,113,6
118,113,5
113,113,0
106,109,-3
102,108,-6
102,109,-7
108,109,-1
115,113,2
120,114,6
120,113,7
114,111,3
107,109,-2
102,108,-6
103,108,-5
109,109,0
115,111,4
119,114,5
117,112,5
111,111,0
105,109,-4
101,108,-7
102,109,-7
108,109,-1
116,111,5
121,112,9
119,112,7
112,111,1
105,109,-4
101,108,-7
103,108,-5
109,109,0
116,112,4
120,114,6
119,113,6
114,112,2
106,109,-3
100,107,-7
101,107,-6
107,109,-2
115,113,2
120,114,6
119,114,5
113,113,0
105,108,-3
100,107,-7
101,107,-6
106,108,-2
114,113,1
120,114,6
120,114,6
115,113,2
108,108,0
102,108,-6
102,108,-6
107,108,-1
114,114,0
120,114,6
120,114,6
116,113,3
108,108,0
103,108,-5
102,107,-5
107,108,-1
114,112,2
119,113,6
118,113,5
113,112,1
106,108,-2
101,107,-6
101,107,-6
105,107,-2
112,112,0
117,113,4
117,113,4
113,112,1
106,107,-1
101,107,-6
102,107,-5
107,108,-1
114,112,2
119,113,6
119,114,5
114,113,1
107,108,-1
102,107,-5
102,107,-5
108,108,0
115,114,1
119,114,5
119,114,5
114,114,0
107,108,-1
103,107,-4
103,107,-4
107,108,-1
114,112,2
119,114,5
119,113,6
114,112,2
107,108,-1
101,107,-6
100,107,-7
105,108,-3
112,110,2
117,112,5
117,112,5
113,110,3
108,108,0
103,108,-5
101,108,-7
104,108,-4
110,110,0
116,110,6
118,110,8
115,110,5
108,108,0
102,108,-6
101,107,-6
104,108,-4
110,110,0
116,110,6
117,110,7
114,110,4
107,110,-3
102,108,-6
100,107,-7
104,110,-6
110,110,0
116,110,6
118,110,8
116,110,6
110,110,0
104,110,-6
102,110,-8
104,110,-6
110,110,0
116,110,6
118,112,6
116,110,6
110,110,0
105,110,-5
104,109,-5
106,109,-3
112,110,2
117,110,7
118,112,6
115,110,5
109,109,0
103,109,-6
101,108,-7
104,108,-4
109,109,0
115,109,6
117,109,8
114,109,5
108,109,-1
102,108,-6
100,108,-8
102,108,-6
108,109,-1
114,109,5
117,110,7
116,109,7
110,109,1
104,108,-4
100,108,-8
102,108,-6
109,109,0
115,109,6
118,110,8
116,110,6
109,109,0
102,109,-7
98,106,-8
100,109,-9
106,109,-3
113,109,4
118,112,6
117,111,6
112,109,3
104,109,-5
101,109,-8
103,109,-6
109,111,-2
115,112,3
118,112,6
116,111,5
111,111,0
107,109,-2
106,109,-3
109,109,0
114,111,3
117,111,6
116,111,5
111,111,0
104,111,-7
100,109,-9
101,108,-7
108,109,-1
116,111,5
120,111,9
118,111,7
111,111,0
104,108,-4
100,108,-8
102,108,-6
108,108,0
115,111,4
119,111,8
118,111,7
111,111,0
104,108,-4
101,108,-7
103,108,-5
108,108,0
115,111,4
118,112,6
117,111,6
112,111,1
105,108,-3
101,107,-6
102,107,-5
107,108,-1
115,111,4
119,112,7
117,111,6
111,111,0
103,107,-4
99,107,-8
101,107,-6
107,108,-1
114,111,3
118,111,7
117,111,6
111,110,1
104,108,-4
101,107,-6
102,107,-5
108,108,0
115,110,5
118,111,7
117,111,6
110,110,0
103,108,-5
99,106,-7
101,107,-6
106,108,-2
113,110,3
117,111,6
116,111,5
111,110,1
104,107,-3
99,106,-7
101,107,-6
107,107,0
114,111,3
119,111,8
118,111,7
111,111,0
104,107,-3
100,107,-7
101,107,-6
107,107,0
115,111,4
119,112,7
118,111,7
112,111,1
104,107,-3
100,106,-6
101,107,-6
106,107,-1
113,111,2
118,112,6
117,111,6
111,111,0
104,107,-3
100,106,-6
102,107,-5
107,107,0
114,111,3
118,111,7
116,111,5
111,111,0
104,107,-3
101,107,-6
102,107,-5
107,107,0
114,111,3
118,112,6
117,111,6
112,111,1
105,107,-2
101,107,-6
102,107,-5
107,107,0
113,111,2
117,112,5
116,112,4
111,111,0
104,107,-3
100,106,-6
101,106,-5
105,107,-2
112,111,1
116,112,4
117,112,5
113,111,2
106,107,-1
101,106,-5
101,106,-5
105,107,-2
112,112,0
117,112,5
118,112,6
113,112,1
107,107,0
102,106,-4
102,106,-4
106,107,-1
112,112,0
117,112,5
117,112,5
113,112,1
106,107,-1
102,106,-4
102,106,-4
106,106,0
113,112,1
117,112,5
116,112,4
112,112,0
106,106,0
101,106,-5
101,106,-5
106,106,0
112,111,1
117,112,5
118,112,6
113,111,2
106,107,-1
101,106,-5
100,106,-6
105,107,-2
111,110,1
117,111,6
118,111,7
114,110,4
107,108,-1
101,107,-6
99,107,-8
103,108,-5
110,110,0
116,110,6
118,110,8
115,110,5
108,108,0
102,107,-5
100,107,-7
103,108,-5
110,110,0
117,110,7
118,110,8
114,110,4
107,108,-1
100,107,-7
99,107,-8
103,107,-4
110,109,1
116,110,6
117,110,7
113,109,4
107,108,-1
101,107,-6
99,107,-8
102,108,-6
109,108,1
116,109,7
118,109,9
115,108,7
108,108,0
101,107,-6
98,107,-9
101,108,-7
108,108,0
115,109,6
117,109,8
114,108,6
107,108,-1
101,108,-7
98,107,-9
102,108,-6
109,108,1
115,109,6
118,109,9
115,109,6
108,109,-1
101,108,-7
98,108,-10
101,108,-7
109,109,0
116,109,7
119,109,10
116,109,7
109,108,1
101,108,-7
98,107,-9
101,107,-6
108,108,0
115,109,6
118,109,9
114,108,6
107,107,0
99,107,-8
96,107,-11
100,107,-7
107,107,0
115,108,7
118,108,10
115,107,8
107,107,0
100,107,-7
98,107,-9
101,107,-6
108,107,1
115,107,8
118,108,10
114,107,7
107,107,0
100,107,-7
97,107,-10
100,107,-7
107,107,0
115,107,8
118,107,11
115,107,8
107,107,0
99,107,-8
96,106,-10
99,106,-7
106,107,-1
113,107,6
116,107,9
114,107,7
107,107,0
100,106,-6
96,105,-9
98,105,-7
105,106,-1
113,107,6
116,107,9
114,107,7
107,107,0
100,105,-5
96,104,-8
98,105,-7
104,105,-1
111,107,4
115,108,7
113,108,5
108,107,1
101,105,-4
97,104,-7
99,104,-5
105,105,0
112,108,4
116,108,8
114,108,6
108,108,0
101,105,-4
97,104,-7
99,105,-6
104,106,-2
110,108,2
114,108,6
113,108,5
108,108,0
102,106,-4
98,104,-6
100,104,-4
106,106,0
112,108,4
115,108,7
114,108,6
108,108,0
102,106,-4
99,104,-5
100,104,-4
104,106,-2
111,108,3
114,108,6
114,108,6
108,108,0
101,104,-3
97,104,-7
98,104,-6
104,104,0
111,108,3
115,109,6
114,109,5
109,108,1
102,104,-2
97,103,-6
97,104,-7
102,104,-2
109,109,0
113,109,4
113,109,4
109,109,0
103,104,-1
99,103,-4
99,103,-4
104,104,0
111,109,2
115,109,6
115,109,6
110,108,2
103,104,-1
99,103,-4
99,103,-4
103,104,-1
109,108,1
113,109,4
113,108,5
108,108,0
101,103,-2
96,103,-7
97,103,-6
103,103,0
111,108,3
115,108,7
114,108,6
108,108,0
100,103,-3
96,102,-6
97,102,-5
102,103,-1
109,108,1
114,108,6
114,108,6
108,105,3
101,102,-1
96,101,-5
96,101,-5
101,102,-1
108,105,3
112,107,5
111,107,4
105,105,0
98,101,-3
93,101,-8
94,101,-7
100,101,-1
107,105,2
112,107,5
112,107,5
107,105,2
101,101,0
96,101,-5
96,101,-5
101,101,0
107,107,0
112,107,5
113,107,6
108,106,2
100,101,-1
95,101,-6
95,100,-5
100,101,-1
107,106,1
111,107,4
111,107,4
106,106,0
99,100,-1
93,100,-7
93,100,-7
99,100,-1
107,106,1
113,107,6
113,106,7
107,105,2
99,100,-1
94,99,-5
94,99,-5
100,100,0
107,105,2
112,107,5
111,106,5
105,105,0
98,100,-2
93,99,-6
94,99,-5
99,100,-1
107,105,2
111,106,5
111,105,6
106,105,1
99,99,0
93,99,-6
93,99,-6
99,99,0
107,105,2
113,105,8
112,105,7
105,105,0
98,99,-1
93,99,-6
94,99,-5
98,99,-1
105,105,0
111,105,6
112,105,7
107,103,4
99,99,0
93,99,-6
92,103,-11
98,103,-5
106,105,1
110,106,4
108,106,2
103,103,0
99,103,-4
99,101,-2
103,103,0
107,103,4
111,106,5
112,106,6
108,106,2
101,103,-2
95,103,-8
93,101,-8
98,103,-5
106,106,0
112,106,6
112,106,6
107,105,2
99,101,-2
94,99,-5
94,99,-5
99,99,0
106,105,1
111,105,6
110,105,5
105,105,0
99,99,0
94,99,-5
94,99,-5
98,100,-2
105,105,0
110,105,5
110,105,5
106,105,1
99,100,-1
95,99,-4
95,99,-4
100,100,0
106,104,2
110,105,5
109,105,4
105,104,1
98,100,-2
94,99,-5
94,98,-4
98,100,-2
104,104,0
109,104,5
109,104,5
105,104,1
98,100,-2
94,98,-4
94,98,-4
98,100,-2
104,104,0
109,104,5
109,104,5
106,104,2
100,100,0
96,100,-4
95,100,-5
98,100,-2
104,103,1
109,104,5
110,104,6
106,103,3
100,100,0
95,100,-5
94,99,-5
97,100,-3
103,103,0
107,103,4
109,103,6
105,103,2
99,102,-3
94,100,-6
92,99,-7
96,102,-6
103,103,0
109,103,6
111,103,8
108,103,5
102,102,0
97,102,-5
95,102,-7
97,102,-5
103,103,0
110,103,7
112,103,9
109,103,6
102,102,0
96,102,-6
94,100,-6
97,102,-5
103,102,1
108,103,5
109,103,6
106,102,4
100,102,-2
94,101,-7
92,100,-8
95,101,-6
102,102,0
109,102,7
111,102,9
108,102,6
101,101,0
95,100,-5
93,100,-7
96,100,-4
102,101,1
109,102,7
111,102,9
107,101,6
100,100,0
94,100,-6
91,100,-9
94,100,-6
100,100,0
106,102,4
108,102,6
106,102,4
100,100,0
95,100,-5
92,100,-8
95,100,-5
102,102,0
109,102,7
112,102,10
109,102,7
102,102,0
95,100,-5
93,100,-7
95,102,-7
102,102,0
108,102,6
111,102,9
107,102,5
100,102,-2
94,100,-6
92,100,-8
95,100,-5
102,101,1
108,102,6
110,102,8
107,101,6
100,100,0
94,100,-6
91,100,-9
94,100,-6
101,101,0
108,102,6
110,102,8
107,101,6
100,100,0
94,100,-6
92,97,-5
95,99,-4
102,100,2
108,101,7
109,102,7
105,100,5
97,99,-2
90,98,-8
88,97,-9
92,98,-6
99,99,0
106,100,6
108,100,8
105,99,6
98,98,0
91,98,-7
89,98,-9
93,98,-5
100,99,1
106,99,7
108,100,8
104,99,5
98,98,0
92,98,-6
90,98,-8
93,98,-5
99,99,0
105,100,5
107,100,7
105,100,5
98,99,-1
92,98,-6
90,98,-8
93,99,-6
100,99,1
106,100,6
109,101,8
107,100,7
101,99,2
93,99,-6
90,99,-9
92,99,-7
99,99,0
106,100,6
108,101,7
105,100,5
99,99,0
94,99,-5
92,99,-7
94,99,-5
99,99,0
104,99,5
107,100,7
105,99,6
100,99,1
94,99,-5
92,99,-7
94,99,-5
99,99,0
104,100,4
106,100,6
104,100,4
99,100,-1
95,99,-4
93,99,-6
95,99,-4
100,99,1
105,100,5
107,100,7
105,100,5
100,100,0
95,99,-4
93,99,-6
94,99,-5
99,100,-1
105,100,5
107,101,6
106,101,5
101,100,1
95,99,-4
91,98,-7
93,98,-5
98,99,-1
105,101,4
108,102,6
107,102,5
102,101,1
96,98,-2
93,98,-5
94,98,-4
98,98,0
104,102,2
108,102,6
107,102,5
102,102,0
96,98,-2
92,97,-5
92,97,-5
97,98,-1
104,102,2
108,102,6
107,102,5
102,100,2
95,97,-2
91,96,-5
91,96,-5
96,97,-1
102,100,2
106,102,4
105,102,3
100,100,0
95,96,-1
90,95,-5
90,96,-6
95,96,-1
102,100,2
106,102,4
107,101,6
102,100,2
95,96,-1
91,95,-4
91,95,-4
96,96,0
102,101,1
106,101,5
106,101,5
101,101,0
94,96,-2
89,95,-6
89,94,-5
94,96,-2
101,100,1
106,101,5
106,101,5
101,100,1
94,95,-1
89,94,-5
88,95,-7
92,95,-3
100,100,0
105,101,4
106,101,5
102,100,2
95,95,0
91,95,-4
91,95,-4
95,95,0
101,100,1
106,101,5
107,101,6
102,101,1
95,95,0
90,95,-5
89,95,-6
94,95,-1
101,100,1
106,101,5
106,101,5
102,100,2
95,96,-1
89,95,-6
88,95,-7
93,96,-3
100,100,0
106,100,6
107,100,7
102,100,2
96,96,0
90,96,-6
89,96,-7
93,96,-3
100,100,0
105,100,5
106,101,5
103,100,3
96,96,0
90,96,-6
90,94,-4
94,96,-2
101,99,2
106,100,6
106,101,5
101,99,2
94,97,-3
89,96,-7
88,94,-6
92,97,-5
99,99,0
105,99,6
107,99,8
103,99,4
97,97,0
91,97,-6
89,97,-8
92,97,-5
99,97,2
105,99,6
107,99,8
104,97,7
97,97,0
90,97,-7
88,97,-9
90,97,-7
97,97,0
103,98,5
106,98,8
103,98,5
97,97,0
91,97,-6
88,97,-9
91,97,-6
98,98,0
104,98,6
107,100,7
104,98,6
98,98,0
93,98,-5
91,98,-7
94,98,-4
100,98,2
106,98,8
108,100,8
105,98,7
98,98,0
92,98,-6
89,97,-8
92,98,-6
98,98,0
104,99,5
105,99,6
103,98,5
97,98,-1
92,97,-5
89,97,-8
92,97,-5
99,98,1
105,99,6
107,99,8
103,99,4
97,97,0
93,97,-4
92,96,-4
94,97,-3
99,97,2
102,99,3
104,99,5
101,97,4
96,97,-1
91,97,-6
89,96,-7
92,96,-4
97,97,0
102,97,5
103,97,6
101,97,4
97,97,0
92,96,-4
89,96,-7
91,96,-5
96,97,-1
102,97,5
104,97,7
102,97,5
97,97,0
92,96,-4
90,96,-6
92,96,-4
96,97,-1
102,99,3
106,101,5
106,99,7
101,98,3
94,98,-4
90,99,-9
93,100,-7
99,101,-2
104,101,3
104,101,3
101,101,0
98,100,-2
98,99,-1
100,99,1
102,99,3
103,100,3
104,101,3
103,101,2
99,100,-1
94,99,-5
90,99,-9
92,99,-7
99,99,0
106,99,7
108,99,9
105,99,6
98,98,0
93,98,-5
90,96,-6
92,96,-4
96,98,-2
102,98,4
105,98,7
104,98,6
98,98,0
91,96,-5
88,95,-7
90,96,-6
95,96,-1
101,98,3
104,99,5
104,98,6
99,98,1
93,96,-3
89,95,-6
90,95,-5
96,96,0
103,98,5
106,99,7
104,99,5
98,98,0
92,96,-4
89,95,-6
90,95,-5
95,96,-1
102,98,4
106,99,7
105,99,6
99,98,1
92,95,-3
87,95,-8
89,95,-6
95,95,0
102,99,3
106,99,7
104,99,5
99,99,0
92,95,-3
87,93,-6
88,93,-5
93,95,-2
100,99,1
105,99,6
104,99,5
99,99,0
92,93,-1
87,92,-5
87,93,-6
92,93,-1
99,99,0
104,99,5
104,99,5
99,99,0
92,93,-1
87,92,-5
87,93,-6
93,94,-1
100,99,1
105,99,6
104,99,5
99,99,0
92,94,-2
88,94,-6
89,94,-5
94,94,0
102,99,3
107,100,7
106,99,7
101,99,2
94,94,0
89,94,-5
89,94,-5
94,95,-1
101,99,2
105,101,4
105,100,5
99,99,0
92,95,-3
88,94,-6
89,94,-5
95,95,0
102,99,3
106,100,6
105,99,6
100,99,1
94,95,-1
89,94,-5
89,94,-5
94,95,-1
100,99,1
105,99,6
105,99,6
99,99,0
93,94,-1
89,94,-5
89,93,-4
93,94,-1
99,99,0
104,99,5
104,99,5
100,99,1
93,93,0
88,93,-5
88,93,-5
93,93,0
100,99,1
105,99,6
104,99,5
99,99,0
93,93,0
88,93,-5
87,93,-6
92,93,-1
99,97,2
104,99,5
105,99,6
100,97,3
93,94,-1
88,93,-5
87,93,-6
91,94,-3
97,97,0
102,98,4
103,98,5
100,97,3
94,95,-1
90,94,-4
89,94,-5
92,95,-3
98,97,1
103,97,6
103,98,5
100,97,3
95,95,0
90,94,-4
89,93,-4
92,95,-3
97,96,1
102,97,5
103,97,6
99,96,3
93,95,-2
89,94,-5
88,93,-5
91,94,-3
96,96,0
101,97,4
102,97,5
100,96,4
94,95,-1
90,94,-4
89,94,-5
92,95,-3
97,96,1
101,97,4
102,98,4
100,97,3
95,96,-1
91,95,-4
89,95,-6
92,96,-4
98,97,1
103,97,6
104,98,6
101,97,4
96,96,0
91,96,-5
89,96,-7
92,96,-4
97,97,0
103,98,5
106,99,7
103,97,6
96,96,0
90,96,-6
88,96,-8
92,96,-4
99,97,2
103,97,6
104,99,5
101,97,4
96,96,0
90,96,-6
88,93,-5
91,96,-5
97,97,0
103,98,5
104,98,6
100,97,3
93,96,-3
89,96,-7
89,94,-5
92,96,-4
98,97,1
103,98,5
106,99,7
103,98,5
96,96,0
89,96,-7
89,96,-7
94,96,-2
99,98,1
102,99,3
101,99,2
99,96,3
96,96,0
90,94,-4
86,90,-4
88,90,-2
100,90,10
110,88,22
105,86,19
82,82,0
54,58,-4
38,58,-20
39,58,-19
45,58,-13
43,58,-15
36,58,-22
38,58,-20
58,58,0