VALUE,MEDIAN,DIFF
92,92,0
115,109,6
120,110,10
114,111,3
109,112,-3
110,112,-2
115,113,2
116,113,3
113,113,0
111,113,-2
112,113,-1
114,113,1
115,113,2
113,113,0
112,113,-1
113,113,0
113,113,0
112,113,-1
110,113,-3
110,113,-3
111,113,-2
114,112,2
114,112,2
113,112,1
113,112,1
113,112,1
112,111,1
111,111,0
110,111,-1
111,111,0
112,111,1
112,111,1
111,110,1
110,110,0
110,110,0
110,110,0
110,110,0
110,110,0
110,110,0
110,110,0
110,110,0
110,110,0
110,110,0
110,110,0
111,110,1
111,110,1
110,110,0
110,110,0
110,110,0
111,110,1
111,110,1
111,111,0
110,111,-1
111,111,0
111,111,0
111,111,0
110,111,-1
110,111,-1
110,111,-1
111,111,0
111,111,0
110,111,-1
110,111,-1
111,111,0
111,111,0
111,111,0
111,111,0
111,111,0
111,111,0
111,111,0
111,111,0
110,111,-1
111,111,0
111,111,0
112,111,1
111,111,0
111,111,0
111,112,-1
112,112,0
112,112,0
113,112,1
113,112,1
113,112,1
112,112,0
112,111,1
112,111,1
112,111,1
111,111,0
111,111,0
111,111,0
110,111,-1
110,111,-1
111,111,0
111,111,0
110,111,-1
110,111,-1
109,111,-2
110,110,0
111,110,1
112,110,2
112,110,2
112,110,2
111,110,1
110,110,0
110,110,0
109,111,-2
109,111,-2
109,111,-2
110,111,-1
110,111,-1
111,111,0
111,111,0
111,111,0
111,111,0
111,111,0
112,111,1
112,111,1
112,111,1
111,111,0
111,111,0
111,111,0
111,111,0
112,111,1
112,111,1
113,111,2
113,111,2
112,111,1
111,111,0
111,111,0
111,111,0
111,111,0
111,111,0
110,111,-1
109,110,-1
110,110,0
110,110,0
110,110,0
109,110,-1
109,110,-1
109,109,0
110,109,1
111,109,2
110,109,1
109,109,0
109,109,0
109,109,0
108,109,-1
108,109,-1
108,109,-1
109,109,0
110,109,1
110,109,1
109,109,0
109,109,0
109,109,0
109,109,0
109,109,0
109,109,0
110,109,1
110,110,0
110,110,0
110,110,0
109,110,-1
109,110,-1
109,110,-1
110,110,0
110,110,0
111,111,0
111,111,0
111,111,0
111,111,0
111,111,0
111,111,0
111,111,0
112,111,1
112,111,1
111,111,0
110,110,0
110,110,0
110,110,0
110,110,0
110,110,0
110,110,0
110,110,0
110,110,0
109,110,-1
108,110,-2
107,109,-2
107,109,-2
107,109,-2
108,109,-1
109,109,0
110,109,1
110,109,1
109,109,0
109,109,0
109,109,0
108,109,-1
109,109,0
109,109,0
109,109,0
110,109,1
109,109,0
109,109,0
108,109,-1
108,109,-1
108,109,-1
108,109,-1
108,109,-1
108,109,-1
108,109,-1
108,109,-1
109,109,0
109,109,0
109,109,0
109,109,0
109,109,0
110,109,1
110,109,1
110,109,1
109,109,0
109,109,0
109,109,0
109,109,0
110,109,1
110,110,0
109,110,-1
109,110,-1
110,110,0
110,110,0
111,110,1
110,110,0
109,110,-1
109,110,-1
110,110,0
111,110,1
112,110,2
111,110,1
111,110,1
110,110,0
110,110,0
110,110,0
111,110,1
111,110,1
110,110,0
110,110,0
109,110,-1
108,110,-2
108,110,-2
109,110,-1
110,110,0
110,110,0
109,110,-1
109,110,-1
110,109,1
110,109,1
110,109,1
109,110,-1
109,110,-1
109,110,-1
110,110,0
110,110,0
110,110,0
109,110,-1
109,110,-1
110,110,0
110,110,0
111,110,1
111,110,1
111,110,1
111,110,1
110,110,0
110,110,0
110,110,0
110,110,0
110,111,-1
110,111,-1
110,111,-1
110,111,-1
111,111,0
111,111,0
111,111,0
111,111,0
112,111,1
112,111,1
111,111,0
111,111,0
111,111,0
111,111,0
112,111,1
112,111,1
112,111,1
111,111,0
111,111,0
111,111,0
111,111,0
111,111,0
111,111,0
112,111,1
112,111,1
112,111,1
111,111,0
110,111,-1
110,111,-1
111,111,0
112,111,1
112,111,1
112,111,1
112,111,1
111,111,0
110,111,-1
110,111,-1
110,111,-1
111,111,0
111,111,0
111,111,0
110,111,-1
110,111,-1
111,111,0
111,111,0
111,111,0
110,111,-1
110,111,-1
111,111,0
111,111,0
112,111,1
112,111,1
112,111,1
111,111,0
111,111,0
110,111,-1
110,111,-1
111,111,0
111,111,0
110,111,-1
110,111,-1
110,111,-1
110,111,-1
110,111,-1
111,111,0
112,111,1
112,111,1
112,111,1
111,111,0
111,111,0
111,111,0
111,111,0
111,111,0
111,111,0
111,111,0
111,111,0
111,111,0
110,111,-1
110,111,-1
110,111,-1
110,111,-1
110,111,-1
111,111,0
111,111,0
112,111,1
111,111,0
111,111,0
111,111,0
111,111,0
111,111,0
111,111,0
110,111,-1
110,111,-1
110,110,0
110,110,0
111,110,1
111,110,1
110,110,0
110,110,0
110,110,0
110,110,0
110,110,0
109,110,-1
109,110,-1
110,110,0
111,110,1
111,110,1
110,110,0
109,110,-1
110,110,0
111,110,1
111,110,1
110,110,0
110,110,0
110,110,0
110,110,0
111,110,1
111,110,1
111,111,0
111,111,0
111,111,0
110,110,0
110,110,0
110,110,0
110,110,0
112,110,2
112,110,2
112,110,2
111,110,1
110,110,0
108,110,-2
108,110,-2
108,110,-2
109,110,-1
110,110,0
110,110,0
110,110,0
110,110,0
110,110,0
109,109,0
109,109,0
109,109,0
110,109,1
110,109,1
111,109,2
110,109,1
109,109,0
109,109,0
108,109,-1
109,109,0
109,109,0
109,109,0
109,109,0
109,109,0
109,109,0
109,109,0
108,109,-1
108,109,-1
109,109,0
109,109,0
109,109,0
109,109,0
109,109,0
109,109,0
109,109,0
109,109,0
109,109,0
109,109,0
109,109,0
108,109,-1
108,109,-1
108,109,-1
109,109,0
109,109,0
109,109,0
109,109,0
109,109,0
108,109,-1
108,109,-1
108,109,-1
107,109,-2
108,109,-1
108,109,-1
109,109,0
109,109,0
110,109,1
110,109,1
110,109,1
110,109,1
109,109,0
109,109,0
110,109,1
110,109,1
109,109,0
108,109,-1
108,109,-1
107,109,-2
108,108,0
108,108,0
108,108,0
109,108,1
109,108,1
109,108,1
108,108,0
108,108,0
107,108,-1
107,108,-1
108,108,0
108,108,0
108,108,0
107,108,-1
106,108,-2
106,108,-2
106,108,-2
108,108,0
109,108,1
108,108,0
108,108,0
107,108,-1
107,108,-1
108,108,0
109,108,1
109,108,1
109,109,0
110,109,1
110,109,1
110,109,1
109,109,0
108,109,-1
107,110,-3
108,110,-2
109,110,-1
110,110,0
110,110,0
110,110,0
110,110,0
110,110,0
110,110,0
111,110,1
111,110,1
111,110,1
111,110,1
111,110,1
110,110,0
110,110,0
109,110,-1
109,110,-1
109,109,0
109,109,0
110,109,1
109,109,0
109,109,0
109,109,0
109,109,0
110,109,1
109,109,0
109,109,0
108,109,-1
109,109,0
109,109,0
109,109,0
109,109,0
108,109,-1
109,109,0
109,109,0
109,109,0
109,109,0
108,109,-1
108,109,-1
108,108,0
108,108,0
108,108,0
108,108,0
109,108,1
109,108,1
109,108,1
108,108,0
107,108,-1
107,108,-1
107,108,-1
108,108,0
108,108,0
108,108,0
109,108,1
110,108,2
110,108,2
110,109,1
109,109,0
108,109,-1
108,109,-1
108,109,-1
109,109,0
109,109,0
109,109,0
109,109,0
109,109,0
108,109,-1
108,108,0
108,108,0
108,108,0
108,108,0
109,108,1
109,108,1
109,108,1
109,108,1
108,108,0
108,108,0
108,108,0
108,109,-1
108,109,-1
108,109,-1
108,109,-1
109,109,0
109,108,1
110,108,2
110,108,2
110,108,2
110,108,2
110,108,2
109,108,1
108,108,0
108,108,0
108,108,0
108,108,0
108,108,0
107,107,0
107,107,0
107,107,0
107,107,0
107,107,0
107,107,0
107,107,0
107,107,0
107,107,0
107,107,0
106,107,-1
106,107,-1
107,107,0
107,107,0
107,107,0
106,106,0
105,106,-1
104,106,-2
105,106,-1
106,106,0
107,107,0
107,107,0
106,107,-1
106,107,-1
106,107,-1
107,107,0
108,107,1
107,107,0
107,107,0
107,107,0
107,107,0
107,107,0
107,107,0
106,107,-1
105,107,-2
106,107,-1
106,107,-1
107,107,0
107,106,1
107,106,1
106,106,0
106,106,0
106,106,0
107,107,0
107,107,0
106,107,-1
106,107,-1
106,107,-1
107,107,0
108,107,1
109,107,2
109,107,2
109,107,2
108,107,1
107,107,0
106,107,-1
106,107,-1
107,107,0
107,107,0
108,107,1
107,107,0
107,107,0
107,107,0
108,107,1
108,107,1
107,107,0
107,107,0
107,108,-1
108,108,0
109,108,1
109,108,1
108,108,0
107,108,-1
107,107,0
108,107,1
109,108,1
109,108,1
109,108,1
107,108,-1
106,108,-2
106,107,-1
106,107,-1
107,107,0
108,108,0
108,108,0
108,108,0
108,107,1
107,107,0
107,107,0
107,107,0
107,107,0
108,107,1
108,107,1
108,107,1
108,107,1
107,107,0
106,107,-1
106,107,-1
107,107,0
107,107,0
107,107,0
107,107,0
107,107,0
108,107,1
107,107,0
106,107,-1
105,107,-2
105,107,-2
106,107,-1
107,107,0
107,107,0
107,107,0
106,107,-1
106,106,0
106,106,0
106,106,0
106,106,0
107,106,1
108,107,1
108,107,1
108,107,1
107,106,1
106,106,0
106,106,0
106,107,-1
106,107,-1
107,107,0
108,107,1
108,107,1
107,107,0
106,107,-1
106,107,-1
106,107,-1
107,107,0
107,107,0
107,107,0
107,107,0
107,107,0
107,107,0
106,107,-1
106,107,-1
106,107,-1
107,107,0
108,107,1
108,107,1
107,107,0
107,107,0
106,107,-1
107,107,0
107,107,0
107,107,0
107,107,0
107,107,0
106,107,-1
106,107,-1
106,107,-1
105,107,-2
105,107,-2
106,107,-1
107,107,0
107,107,0
107,107,0
107,106,1
107,106,1
107,106,1
107,106,1
107,106,1
107,106,1
106,107,-1
106,107,-1
106,107,-1
106,107,-1
106,107,-1
106,106,0
106,106,0
106,106,0
106,106,0
107,106,1
107,106,1
107,106,1
107,106,1
107,106,1
106,106,0
106,106,0
105,106,-1
106,106,0
106,106,0
106,106,0
106,106,0
106,106,0
105,106,-1
105,106,-1
106,106,0
106,106,0
106,106,0
106,106,0
105,106,-1
105,106,-1
106,106,0
106,106,0
106,106,0
106,106,0
106,106,0
107,106,1
107,106,1
107,106,1
106,106,0
106,106,0
105,106,-1
106,106,0
106,106,0
106,106,0
106,106,0
106,106,0
107,106,1
106,106,0
105,106,-1
105,106,-1
105,106,-1
106,106,0
107,106,1
107,106,1
106,106,0
105,106,-1
105,106,-1
105,106,-1
106,106,0
106,106,0
105,106,-1
105,106,-1
106,106,0
107,106,1
107,106,1
107,106,1
107,106,1
107,106,1
107,106,1
106,106,0
106,106,0
105,106,-1
105,106,-1
106,106,0
106,106,0
106,106,0
106,105,1
106,105,1
105,105,0
105,105,0
104,105,-1
104,105,-1
104,105,-1
105,105,0
105,105,0
105,105,0
105,105,0
104,105,-1
104,104,0
104,104,0
105,104,1
105,104,1
105,105,0
105,104,1
104,104,0
103,104,-1
103,104,-1
103,104,-1
104,104,0
104,104,0
105,104,1
105,104,1
104,104,0
104,104,0
104,104,0
104,104,0
104,104,0
104,104,0
104,104,0
104,104,0
104,104,0
105,104,1
105,104,1
104,104,0
104,104,0
104,104,0
104,104,0
104,104,0
105,104,1
104,104,0
104,104,0
104,104,0
104,104,0
104,104,0
105,104,1
105,104,1
105,104,1
105,104,1
105,104,1
105,104,1
104,104,0
104,104,0
104,104,0
104,104,0
104,104,0
103,104,-1
103,104,-1
103,104,-1
103,104,-1
104,104,0
105,104,1
106,104,2
106,104,2
106,104,2
105,104,1
104,104,0
104,104,0
105,104,1
105,104,1
105,104,1
104,104,0
104,104,0
104,104,0
104,104,0
104,104,0
103,104,-1
103,104,-1
103,104,-1
104,104,0
105,104,1
105,104,1
104,104,0
104,104,0
104,104,0
105,104,1
105,104,1
105,104,1
104,104,0
104,104,0
105,104,1
105,104,1
105,104,1
105,104,1
104,104,0
103,103,0
103,103,0
103,103,0
103,103,0
103,103,0
103,103,0
103,103,0
103,103,0
103,103,0
103,103,0
103,103,0
103,103,0
103,103,0
103,103,0
103,103,0
103,103,0
103,103,0
103,103,0
103,103,0
103,103,0
103,103,0
103,103,0
102,103,-1
102,103,-1
102,103,-1
102,103,-1
102,103,-1
103,103,0
103,103,0
102,103,-1
102,103,-1
102,103,-1
103,103,0
103,103,0
103,103,0
103,103,0
104,103,1
104,103,1
103,103,0
103,103,0
102,103,-1
102,103,-1
102,103,-1
103,103,0
102,102,0
102,102,0
102,102,0
103,102,1
103,102,1
103,102,1
102,102,0
102,102,0
102,102,0
102,102,0
102,102,0
102,102,0
102,102,0
103,102,1
103,102,1
102,102,0
102,102,0
102,102,0
102,102,0
103,102,1
103,102,1
102,102,0
102,102,0
102,102,0
103,102,1
103,102,1
103,102,1
103,102,1
103,102,1
102,102,0
102,102,0
102,102,0
102,102,0
102,102,0
103,102,1
103,102,1
102,102,0
102,102,0
102,102,0
102,102,0
102,103,-1
103,103,0
103,103,0
104,103,1
104,103,1
104,103,1
103,103,0
103,103,0
102,103,-1
103,103,0
103,103,0
103,103,0
103,103,0
103,103,0
103,103,0
103,103,0
103,103,0
103,103,0
103,103,0
103,103,0
103,103,0
103,103,0
103,103,0
103,103,0
103,103,0
103,103,0
104,103,1
104,103,1
103,103,0
103,103,0
103,103,0
103,103,0
103,103,0
103,103,0
104,103,1
104,103,1
104,103,1
103,103,0
103,103,0
103,103,0
102,103,-1
102,103,-1
103,103,0
103,103,0
104,103,1
104,103,1
103,103,0
102,103,-1
102,103,-1
102,103,-1
103,103,0
104,103,1
103,104,-1
103,104,-1
103,104,-1
104,104,0
106,104,2
106,104,2
106,104,2
105,104,1
104,104,0
104,104,0
104,104,0
104,104,0
104,104,0
104,104,0
104,104,0
104,104,0
104,104,0
104,104,0
104,104,0
105,104,1
105,104,1
105,104,1
104,104,0
104,104,0
104,104,0
104,104,0
104,104,0
104,104,0
104,104,0
104,104,0
104,104,0
104,104,0
104,104,0
104,104,0
105,104,1
105,104,1
105,104,1
105,104,1
104,104,0
104,104,0
104,104,0
104,104,0
104,104,0
104,104,0
104,104,0
104,104,0
104,104,0
104,104,0
104,104,0
104,104,0
104,104,0
104,104,0
104,104,0
104,104,0
104,104,0
104,104,0
103,104,-1
103,104,-1
103,104,-1
104,104,0
104,104,0
105,104,1
105,104,1
105,104,1
105,104,1
104,104,0
104,104,0
104,104,0
103,104,-1
104,104,0
104,104,0
104,103,1
103,103,0
102,103,-1
102,103,-1
102,103,-1
103,103,0
103,103,0
103,103,0
103,103,0
103,103,0
103,103,0
104,103,1
104,103,1
103,103,0
103,103,0
104,103,1
104,103,1
103,103,0
103,103,0
102,103,-1
102,103,-1
103,103,0
103,103,0
103,103,0
103,103,0
103,103,0
103,103,0
103,103,0
102,103,-1
102,103,-1
103,103,0
103,103,0
104,103,1
104,103,1
104,103,1
104,103,1
104,103,1
104,103,1
103,104,-1
103,104,-1
103,104,-1
104,104,0
104,104,0
104,104,0
103,104,-1
103,104,-1
103,104,-1
104,104,0
104,104,0
103,104,-1
103,104,-1
104,104,0
104,104,0
104,104,0
104,104,0
104,104,0
104,104,0
104,104,0
104,104,0
104,104,0
104,104,0
104,104,0
104,104,0
104,104,0
104,104,0
104,104,0
103,103,0
103,103,0
103,103,0
103,103,0
103,103,0
103,103,0
103,103,0
103,103,0
103,103,0
103,103,0
102,103,-1
102,103,-1
102,103,-1
102,103,-1
102,103,-1
103,103,0
103,103,0
103,103,0
102,103,-1
102,103,-1
103,103,0
103,103,0
104,103,1
104,103,1
104,103,1
103,102,1
103,102,1
102,102,0
102,103,-1
102,103,-1
102,102,0
102,102,0
102,102,0
102,102,0
102,102,0
103,102,1
103,102,1
103,102,1
102,102,0
102,102,0
103,102,1
103,102,1
102,102,0
102,102,0
101,102,-1
101,102,-1
101,102,-1
102,102,0
103,102,1
103,103,0
102,102,0
102,102,0
102,102,0
103,102,1
103,102,1
103,102,1
103,103,0
103,103,0
103,103,0
102,102,0
102,102,0
102,102,0
102,103,-1
102,103,-1
103,103,0
103,102,1
103,102,1
102,102,0
102,102,0
102,102,0
102,102,0
103,102,1
103,102,1
103,102,1
102,102,0
102,102,0
102,102,0
102,102,0
102,102,0
102,102,0
102,102,0
102,102,0
102,102,0
102,102,0
101,102,-1
101,102,-1
102,102,0
103,102,1
103,102,1
103,102,1
102,102,0
102,102,0
102,102,0
102,102,0
102,102,0
103,102,1
103,103,0
103,103,0
103,103,0
103,103,0
102,103,-1
102,103,-1
102,103,-1
102,103,-1
103,103,0
103,103,0
103,102,1
103,102,1
103,102,1
103,102,1
102,102,0
102,102,0
102,102,0
101,102,-1
101,102,-1
102,102,0
102,102,0
102,102,0
102,102,0
102,102,0
102,102,0
103,102,1
102,102,0
102,102,0
102,102,0
102,102,0
102,102,0
102,102,0
102,102,0
102,102,0
102,102,0
102,102,0
103,102,1
103,102,1
103,102,1
103,102,1
102,102,0
102,102,0
102,102,0
102,102,0
102,102,0
102,102,0
102,102,0
102,102,0
101,102,-1
101,102,-1
102,102,0
102,102,0
102,102,0
102,102,0
102,102,0
101,102,-1
101,102,-1
101,102,-1
102,102,0
102,102,0
102,102,0
102,102,0
102,102,0
102,102,0
102,102,0
102,102,0
102,102,0
102,102,0
102,102,0
102,102,0
102,102,0
102,102,0
102,102,0
101,102,-1
101,102,-1
101,102,-1
101,102,-1
102,102,0
102,102,0
103,102,1
102,102,0
102,101,1
101,101,0
101,101,0
101,101,0
102,102,0
102,102,0
102,102,0
101,102,-1
101,102,-1
101,101,0
101,101,0
101,101,0
102,101,1
102,101,1
102,101,1
102,101,1
102,101,1
101,101,0
100,101,-1
101,101,0
101,101,0
101,101,0
102,101,1
102,101,1
101,101,0
101,101,0
101,101,0
101,101,0
101,101,0
101,101,0
101,101,0
102,101,1
102,101,1
101,101,0
101,101,0
101,101,0
101,101,0
101,101,0
101,101,0
101,101,0
101,101,0
101,101,0
100,101,-1
100,101,-1
100,101,-1
100,101,-1
101,101,0
101,101,0
101,101,0
101,101,0
101,101,0
101,101,0
101,101,0
101,101,0
100,101,-1
100,101,-1
100,101,-1
101,101,0
101,101,0
101,101,0
100,101,-1
100,101,-1
100,101,-1
100,101,-1
101,101,0
101,101,0
101,101,0
101,101,0
101,101,0
101,101,0
101,101,0
101,101,0
101,101,0
101,101,0
101,101,0
101,101,0
100,101,-1
100,101,-1
100,101,-1
101,101,0
101,101,0
101,101,0
101,101,0
101,101,0
101,101,0
101,101,0
101,101,0
101,101,0
101,101,0
102,101,1
102,101,1
101,101,0
101,101,0
100,101,-1
100,101,-1
101,101,0
101,101,0
101,101,0
101,101,0
101,101,0
101,101,0
101,101,0
100,101,-1
100,101,-1
101,101,0
101,101,0
101,101,0
101,101,0
101,101,0
100,101,-1
100,101,-1
100,101,-1
101,101,0
101,101,0
101,101,0
101,101,0
101,101,0
101,101,0
101,101,0
101,101,0
101,101,0
102,101,1
103,101,2
103,101,2
103,101,2
101,101,0
101,101,0
101,101,0
102,101,1
102,101,1
101,101,0
100,101,-1
100,101,-1
101,101,0
101,101,0
101,101,0
101,101,0
101,101,0
102,101,1
102,101,1
102,101,1
101,101,0
100,101,-1
100,101,-1
101,101,0
101,101,0
101,101,0
101,101,0
101,101,0
101,101,0
102,101,1
101,101,0
101,101,0
101,101,0
101,101,0
101,101,0
102,101,1
102,101,1
102,101,1
101,101,0
100,101,-1
100,101,-1
101,101,0
102,101,1
102,101,1
102,101,1
101,101,0
101,101,0
101,101,0
101,101,0
101,101,0
101,101,0
101,101,0
101,101,0
101,101,0
101,101,0
101,101,0
101,101,0
101,101,0
101,101,0
101,101,0
101,101,0
101,101,0
102,101,1
102,101,1
102,101,1
101,101,0
101,101,0
101,101,0
101,101,0
101,101,0
101,101,0
101,101,0
101,101,0
101,101,0
101,101,0
101,101,0
101,101,0
101,101,0
102,101,1
102,101,1
102,101,1
102,101,1
102,101,1
102,101,1
102,101,1
101,101,0
101,101,0
100,101,-1
100,101,-1
100,101,-1
101,101,0
101,101,0
102,101,1
101,101,0
101,101,0
100,101,-1
100,100,0
100,100,0
100,100,0
100,100,0
101,100,1
101,100,1
102,100,2
101,100,1
100,100,0
99,101,-2
99,101,-2
99,101,-2
100,101,-1
101,101,0
101,101,0
101,101,0
101,101,0
101,101,0
101,101,0
101,101,0
100,101,-1
100,101,-1
101,101,0
102,101,1
102,101,1
101,101,0
100,101,-1
100,101,-1
101,101,0
101,101,0
101,101,0
101,101,0
101,101,0
102,101,1
102,101,1
101,101,0
100,101,-1
100,101,-1
101,101,0
102,101,1
102,101,1
102,101,1
101,101,0
101,101,0
101,101,0
102,101,1
102,101,1
102,101,1
101,101,0
101,101,0
100,101,-1
101,101,0
101,101,0
101,101,0
101,101,0
101,101,0
101,101,0
101,101,0
100,101,-1
100,100,0
100,100,0
100,100,0
100,100,0
100,100,0
100,100,0
100,100,0
101,100,1
101,100,1
100,100,0
99,100,-1
99,100,-1
100,100,0
100,100,0
100,100,0
99,100,-1
98,100,-2
98,100,-2
98,100,-2
99,100,-1
99,100,-1
100,100,0
100,100,0
100,100,0
100,100,0
100,100,0
100,100,0
100,100,0
100,100,0
100,100,0
100,100,0
100,100,0
100,100,0
100,100,0
99,100,-1
99,100,-1
100,100,0
101,100,1
101,100,1
100,100,0
100,100,0
99,100,-1
100,100,0
100,100,0
100,100,0
100,100,0
99,99,0
99,99,0
99,99,0
99,99,0
99,99,0
100,99,1
99,99,0
98,99,-1
98,99,-1
99,99,0
99,99,0
99,99,0
99,99,0
99,99,0
99,99,0
99,99,0
99,99,0
98,99,-1
98,99,-1
99,99,0
99,99,0
99,99,0
99,99,0
98,99,-1
99,99,0
99,99,0
98,99,-1
98,99,-1
98,99,-1
99,99,0
99,99,0
98,99,-1
98,99,-1
98,99,-1
99,99,0
100,99,1
100,99,1
99,99,0
99,99,0
99,99,0
99,99,0
99,99,0
99,99,0
100,99,1
100,100,0
100,100,0
100,100,0
99,100,-1
99,100,-1
99,100,-1
100,100,0
100,100,0
100,100,0
100,100,0
100,100,0
100,100,0
99,100,-1
99,100,-1
100,100,0
101,100,1
101,100,1
100,100,0
100,100,0
99,100,-1
99,100,-1
99,99,0
99,100,-1
99,100,-1
100,100,0
101,100,1
101,100,1
100,100,0
99,100,-1
99,100,-1
99,100,-1
100,100,0
100,100,0
100,100,0
100,100,0
100,99,1
100,99,1
100,99,1
99,99,0
99,99,0
99,99,0
99,99,0
99,99,0
99,99,0
99,99,0
99,99,0
99,99,0
99,99,0
99,99,0
99,99,0
100,99,1
101,99,2
101,99,2
101,99,2
100,99,1
99,99,0
99,99,0
99,99,0
99,100,-1
99,100,-1
99,100,-1
100,99,1
99,99,0
99,99,0
100,99,1
100,99,1
100,99,1
100,99,1
100,99,1
99,99,0
99,99,0
99,99,0
99,99,0
99,99,0
98,99,-1
98,99,-1
98,99,-1
99,99,0
99,99,0
100,99,1
100,99,1
99,99,0
99,99,0
99,99,0
99,99,0
100,100,0
100,100,0
100,100,0
100,100,0
99,100,-1
99,100,-1
100,100,0
100,100,0
100,100,0
100,100,0
99,100,-1
99,100,-1
100,100,0
100,100,0
100,100,0
100,100,0
100,100,0
99,100,-1
99,100,-1
100,100,0
100,100,0
100,100,0
100,100,0
100,100,0
100,100,0
100,100,0
100,100,0
100,100,0
100,100,0
100,100,0
100,100,0
100,100,0
100,100,0
100,100,0
100,100,0
100,100,0
99,100,-1
100,100,0
100,100,0
101,100,1
101,100,1
100,100,0
99,100,-1
99,100,-1
99,100,-1
100,100,0
100,100,0
100,100,0
100,100,0
100,100,0
100,100,0
99,100,-1
99,100,-1
98,100,-2
99,100,-1
99,100,-1
100,100,0
100,100,0
100,99,1
100,99,1
99,99,0
99,99,0
99,99,0
100,99,1
100,99,1
100,100,0
99,100,-1
99,100,-1
99,99,0
99,99,0
100,99,1
100,99,1
99,99,0
99,99,0
100,99,1
100,99,1
100,99,1
99,99,0
99,99,0
99,99,0
99,99,0
99,99,0
100,99,1
100,99,1
99,99,0
99,99,0
99,99,0
100,100,0
100,100,0
100,100,0
99,100,-1
99,100,-1
100,100,0
100,100,0
100,100,0
100,100,0
100,100,0
100,100,0
101,100,1
100,100,0
99,100,-1
100,101,-1
101,101,0
102,101,1
102,101,1
102,101,1
101,101,0
101,101,0
101,101,0
101,101,0
101,101,0
100,101,-1
100,101,-1
101,101,0
101,101,0
102,101,1
102,101,1
101,101,0
101,101,0
100,101,-1
100,101,-1
101,101,0
101,101,0
102,101,1
101,101,0
100,101,-1
100,101,-1
101,101,0
101,101,0
101,101,0
101,101,0
102,101,1
102,101,1
103,101,2
102,101,1
101,102,-1
101,102,-1
101,102,-1
101,102,-1
102,102,0
102,102,0
102,102,0
102,102,0
102,102,0
102,102,0
102,102,0
102,102,0
102,102,0
102,102,0
102,102,0
103,102,1
102,102,0
102,102,0
101,102,-1
100,102,-2
101,102,-1
102,101,1
102,101,1
102,101,1
101,101,0
101,101,0
101,101,0
101,101,0
101,101,0
101,101,0
101,101,0
101,101,0
101,101,0
101,101,0
100,101,-1
99,101,-2
100,101,-1
100,101,-1
101,101,0
101,101,0
101,101,0
100,101,-1
100,101,-1
100,100,0
100,100,0
100,100,0
101,101,0
101,101,0
102,101,1
102,101,1
101,101,0
101,101,0
100,101,-1
100,101,-1
100,101,-1
101,101,0
102,100,2
102,100,2
101,100,1
100,100,0
99,100,-1
100,100,0
100,100,0
100,101,-1
100,101,-1
100,101,-1
100,101,-1
101,101,0
101,100,1
101,101,0
101,101,0
101,101,0
101,101,0
102,101,1
101,101,0
101,101,0
100,101,-1
100,101,-1
101,101,0
101,101,0
101,101,0
101,101,0
101,101,0
100,101,-1
100,100,0
100,100,0
100,100,0
101,100,1
101,100,1
101,100,1
100,100,0
100,100,0
99,100,-1
99,100,-1
99,100,-1
99,100,-1
100,100,0
101,100,1
101,100,1
100,100,0
100,100,0
100,100,0
100,100,0
100,100,0
100,100,0
101,100,1
101,100,1
101,100,1
100,100,0
99,100,-1
100,100,0
100,100,0
101,100,1
101,100,1
100,100,0
100,100,0
100,100,0
100,100,0
100,100,0
100,100,0
100,100,0
101,100,1
101,100,1
102,100,2
101,100,1
100,100,0
100,100,0
100,100,0
101,100,1
101,100,1
100,100,0
100,100,0
100,100,0
101,100,1
100,100,0
100,100,0
99,100,-1
99,100,-1
99,100,-1
100,100,0
100,100,0
100,99,1
99,99,0
99,99,0
98,99,-1
99,99,0
99,99,0
100,99,1
100,99,1
99,99,0
99,99,0
99,99,0
99,99,0
99,99,0
100,99,1
100,99,1
99,99,0
99,99,0
99,99,0
99,99,0
99,99,0
99,99,0
99,99,0
99,99,0
100,99,1
100,99,1
100,99,1
100,99,1
100,99,1
99,99,0
99,99,0
99,99,0
99,99,0
99,99,0
100,99,1
100,99,1
99,99,0
99,99,0
99,99,0
99,99,0
99,99,0
99,99,0
99,99,0
99,99,0
99,99,0
99,99,0
99,99,0
99,99,0
99,99,0
99,99,0
99,99,0
99,99,0
99,99,0
99,99,0
98,99,-1
98,99,-1
98,99,-1
98,99,-1
99,99,0
99,99,0
99,99,0
99,99,0
99,99,0
99,99,0
99,99,0
99,99,0
100,99,1
100,99,1
99,99,0
98,99,-1
98,99,-1
98,99,-1
99,99,0
100,99,1
99,99,0
98,99,-1
98,99,-1
98,98,0
98,98,0
98,98,0
98,98,0
99,98,1
99,98,1
100,98,2
100,98,2
99,98,1
98,99,-1
98,99,-1
98,99,-1
98,99,-1
98,99,-1
99,99,0
99,99,0
100,99,1
100,99,1
99,99,0
98,99,-1
98,99,-1
99,99,0
100,99,1
101,99,2
101,99,2
100,100,0
100,99,1
99,99,0
99,99,0
98,99,-1
98,99,-1
99,99,0
100,99,1
100,99,1
100,99,1
99,99,0
99,99,0
99,99,0
99,99,0
99,99,0
99,99,0
99,99,0
99,99,0
100,99,1
99,99,0
99,99,0
99,99,0
99,99,0
99,99,0
98,99,-1
98,99,-1
98,99,-1
99,98,1
98,98,0
98,98,0
98,98,0
98,98,0
99,98,1
99,98,1
98,98,0
97,98,-1
97,98,-1
97,98,-1
97,98,-1
98,98,0
98,98,0
98,98,0
97,98,-1
97,98,-1
98,98,0
98,98,0
98,98,0
98,98,0
98,98,0
98,98,0
98,98,0
98,98,0
98,98,0
98,98,0
98,98,0
99,98,1
99,98,1
98,98,0
98,98,0
98,98,0
99,98,1
99,98,1
98,99,-1
98,99,-1
98,99,-1
99,99,0
100,99,1
100,99,1
99,99,0
98,99,-1
99,99,0
100,99,1
101,99,2
101,100,1
100,100,0
100,100,0
99,100,-1
99,100,-1
99,100,-1
99,100,-1
100,100,0
101,100,1
101,100,1
101,100,1
100,100,0
100,100,0
99,100,-1
99,100,-1
100,100,0
100,100,0
101,100,1
102,100,2
101,99,2
100,99,1
99,99,0
98,99,-1
98,99,-1
99,99,0
99,99,0
99,99,0
99,99,0
98,99,-1
98,99,-1
99,99,0
99,99,0
99,99,0
99,99,0
99,99,0
100,99,1
100,99,1
100,99,1
99,99,0
98,99,-1
98,99,-1
99,99,0
99,99,0
99,99,0
99,99,0
99,99,0
99,99,0
99,99,0
99,99,0
99,99,0
99,99,0
99,99,0
99,99,0
98,99,-1
98,99,-1
98,99,-1
98,99,-1
98,99,-1
99,99,0
99,99,0
99,99,0
99,99,0
98,99,-1
98,99,-1
99,99,0
99,99,0
100,99,1
99,99,0
99,99,0
99,99,0
99,99,0
99,99,0
99,99,0
99,99,0
99,99,0
99,99,0
99,99,0
99,99,0
99,99,0
98,99,-1
99,99,0
99,99,0
99,99,0
100,99,1
101,100,1
102,100,2
102,100,2
101,100,1
100,100,0
99,100,-1
100,100,0
100,100,0
100,100,0
100,100,0
100,100,0
99,100,-1
99,100,-1
99,100,-1
99,100,-1
100,100,0
100,100,0
101,100,1
100,100,0
100,100,0
99,99,0
99,99,0
99,100,-1
100,100,0
101,100,1
101,100,1
100,100,0
99,100,-1
99,100,-1
99,100,-1
99,100,-1
100,100,0
100,100,0
99,100,-1
100,100,0
100,100,0
101,100,1
100,100,0
99,100,-1
99,100,-1
100,100,0
100,100,0
100,100,0
100,100,0
100,100,0
100,100,0
100,100,0
100,100,0
100,100,0
101,100,1
102,100,2
102,100,2
101,100,1
100,100,0
100,100,0
100,100,0
100,100,0
100,100,0
100,100,0
101,100,1
101,100,1
101,100,1
100,100,0
100,100,0
99,100,-1
99,100,-1
100,100,0
100,100,0
100,100,0
100,100,0
99,100,-1
99,100,-1
99,100,-1
99,100,-1
100,100,0
101,100,1
101,100,1
101,100,1
100,100,0
100,100,0
99,100,-1
99,100,-1
99,100,-1
99,100,-1
100,100,0
100,100,0
100,99,1
100,99,1
99,99,0
99,99,0
99,99,0
99,99,0
100,99,1
100,99,1
99,99,0
99,99,0
98,99,-1
98,99,-1
99,99,0
99,99,0
100,100,0
100,100,0
100,100,0
100,100,0
99,100,-1
99,100,-1
100,100,0
100,100,0
100,100,0
100,100,0
100,100,0
100,100,0
100,100,0
100,100,0
100,100,0
100,100,0
100,100,0
100,100,0
101,100,1
101,100,1
101,100,1
100,100,0
100,100,0
100,100,0
100,100,0
101,101,0
101,101,0
101,101,0
101,101,0
100,101,-1
100,100,0
100,100,0
101,100,1
101,100,1
101,100,1
101,100,1
101,100,1
100,100,0
100,100,0
100,100,0
100,100,0
100,100,0
100,100,0
100,100,0
100,100,0
100,100,0
100,100,0
100,100,0
101,100,1
101,100,1
101,100,1
100,100,0
100,100,0
100,100,0
101,100,1
101,100,1
101,100,1
101,100,1
100,100,0
100,100,0
100,100,0
100,100,0
100,100,0
100,100,0
100,100,0
101,100,1
101,100,1
101,100,1
100,100,0
100,100,0
101,100,1
100,100,0
100,100,0
99,100,-1
99,100,-1
100,100,0
101,100,1
101,100,1
101,100,1
100,100,0
100,100,0
100,100,0
100,100,0
101,100,1
101,100,1
101,100,1
100,100,0
99,100,-1
99,100,-1
99,100,-1
99,100,-1
100,100,0
100,100,0
100,100,0
100,100,0
100,100,0
100,100,0
100,100,0
100,100,0
100,100,0
100,100,0
100,100,0
100,100,0
100,100,0
99,100,-1
99,99,0
99,99,0
99,99,0
99,99,0
100,99,1
99,99,0
99,99,0
99,99,0
99,99,0
99,99,0
98,99,-1
99,99,0
99,99,0
100,99,1
100,99,1
99,99,0
99,99,0
99,99,0
99,99,0
99,99,0
99,99,0
99,99,0
99,99,0
99,99,0
99,99,0
98,99,-1
98,99,-1
98,99,-1
99,99,0
99,99,0
99,98,1
99,98,1
99,98,1
98,98,0
98,98,0
98,98,0
98,98,0
98,98,0
98,98,0
98,98,0
98,98,0
97,97,0
97,97,0
97,97,0
97,97,0
97,97,0
97,97,0
97,97,0
97,97,0
97,97,0
97,97,0
97,97,0
97,97,0
97,97,0
97,97,0
97,97,0
97,97,0
97,97,0
98,97,1
98,97,1
97,97,0
96,97,-1
96,97,-1
96,97,-1
97,97,0
97,97,0
97,97,0
97,97,0
97,97,0
97,97,0
97,97,0
97,97,0
97,97,0
98,98,0
98,98,0
98,98,0
98,98,0
98,98,0
98,98,0
98,98,0
98,98,0
98,98,0
98,98,0
97,98,-1
97,98,-1
97,98,-1
97,98,-1
97,98,-1
98,98,0
98,98,0
99,98,1
99,98,1
99,98,1
99,98,1
98,98,0
98,98,0
98,98,0
98,98,0
98,98,0
98,98,0
98,98,0
98,98,0
99,98,1
99,98,1
99,98,1
98,99,-1
98,99,-1
98,99,-1
99,99,0
99,99,0
99,99,0
99,99,0
99,99,0
99,99,0
99,99,0
99,99,0
99,99,0
99,99,0
99,99,0
99,99,0
99,99,0
99,99,0
99,99,0
98,99,-1
98,99,-1
99,99,0
99,99,0
99,99,0
99,99,0
98,99,-1
98,99,-1
99,99,0
99,98,1
99,98,1
99,98,1
99,98,1
98,98,0
98,98,0
98,98,0
98,98,0
98,98,0
98,98,0
98,98,0
97,98,-1
97,98,-1
97,98,-1
98,98,0
99,98,1
99,98,1
98,98,0
98,98,0
98,98,0
98,98,0
98,98,0
98,98,0
98,98,0
99,98,1
99,98,1
99,98,1
99,98,1
98,98,0
98,98,0
98,98,0
98,99,-1
99,99,0
99,99,0
99,99,0
99,99,0
98,99,-1
98,99,-1
98,99,-1
99,99,0
100,99,1
100,99,1
100,99,1
99,99,0
99,99,0
98,99,-1
98,99,-1
99,99,0
99,99,0
100,99,1
99,99,0
99,99,0
98,99,-1
98,99,-1
98,98,0
98,99,-1
98,99,-1
99,99,0
100,99,1
100,99,1
99,99,0
98,99,-1
98,99,-1
98,99,-1
99,99,0
99,99,0
99,99,0
99,99,0
99,99,0
99,99,0
99,99,0
99,99,0
99,99,0
99,99,0
99,99,0
99,99,0
98,99,-1
98,99,-1
99,99,0
99,99,0
99,99,0
99,99,0
99,99,0
99,99,0
98,99,-1
98,99,-1
98,99,-1
99,99,0
98,99,-1
98,99,-1
99,99,0
99,99,0
99,99,0
99,99,0
99,99,0
100,99,1
101,99,2
101,100,1
101,100,1
100,100,0
99,100,-1
99,100,-1
100,100,0
100,100,0
100,100,0
100,100,0
101,100,1
101,100,1
101,100,1
101,100,1
100,100,0
100,100,0
101,100,1
101,100,1
100,100,0
100,101,-1
100,101,-1
101,100,1
101,100,1
100,100,0
99,100,-1
99,100,-1
100,100,0
101,100,1
101,100,1
101,100,1
100,100,0
100,100,0
100,100,0
100,100,0
99,100,-1
99,100,-1
100,100,0
100,100,0
100,100,0
100,100,0
100,100,0
99,100,-1
99,100,-1
99,100,-1
100,100,0
100,100,0
100,100,0
100,100,0
100,100,0
100,100,0
99,100,-1
99,100,-1
99,100,-1
100,100,0
100,100,0
100,100,0
100,100,0
99,99,0
99,99,0
99,99,0
99,99,0
99,100,-1
100,100,0
100,100,0
100,100,0
99,100,-1
99,100,-1
99,100,-1
100,100,0
100,100,0
100,100,0
100,100,0
100,100,0
100,100,0
100,100,0
100,100,0
100,100,0
101,100,1
101,100,1
101,100,1
100,101,-1
100,101,-1
100,101,-1
101,101,0
101,101,0
101,101,0
101,101,0
101,101,0
101,101,0
101,101,0
101,101,0
101,101,0
101,101,0
102,101,1
102,101,1
101,101,0
101,101,0
100,101,-1
100,101,-1
100,101,-1
100,101,-1
100,101,-1
100,101,-1
101,101,0
101,101,0
101,101,0
101,101,0
101,101,0
101,101,0
101,101,0
100,101,-1
101,101,0
101,101,0
102,101,1
102,101,1
101,101,0
101,101,0
101,101,0
101,101,0
101,101,0
100,101,-1
100,100,0
100,100,0
100,100,0
101,100,1
100,100,0
100,100,0
100,100,0
100,100,0
100,100,0
100,100,0
100,100,0
100,100,0
100,100,0
100,100,0
100,100,0
100,100,0
100,100,0
100,100,0
100,100,0
100,100,0
100,100,0
100,100,0
101,100,1
101,100,1
100,100,0
100,100,0
100,100,0
100,100,0
100,100,0
100,100,0
100,100,0
99,100,-1
99,100,-1
99,100,-1
100,100,0
100,100,0
100,100,0
100,100,0
100,100,0
100,100,0
100,100,0
100,100,0
101,100,1
101,100,1
101,100,1
101,100,1
101,100,1
100,100,0
100,100,0
99,100,-1
99,100,-1
99,100,-1
99,100,-1
100,100,0
100,100,0
100,100,0
100,100,0
100,100,0
100,100,0
101,100,1
101,100,1
100,100,0
100,100,0
100,100,0
100,100,0
100,100,0
100,100,0
100,100,0
100,100,0
100,100,0
100,100,0
99,100,-1
99,100,-1
99,100,-1
100,100,0
101,100,1
102,100,2
101,100,1
100,100,0
100,100,0
100,100,0
101,100,1
101,100,1
101,100,1
100,100,0
100,100,0
101,100,1
101,100,1
100,100,0
100,100,0
100,100,0
100,100,0
100,100,0
100,100,0
100,100,0
100,100,0
99,100,-1
99,100,-1
100,100,0
100,100,0
100,100,0
100,100,0
100,100,0
99,100,-1
98,100,-2
99,100,-1
99,100,-1
100,100,0
101,100,1
101,100,1
101,99,2
100,99,1
99,99,0
99,99,0
99,99,0
99,99,0
99,99,0
100,99,1
100,99,1
99,99,0
99,99,0
99,99,0
99,99,0
99,99,0
99,99,0
99,99,0
99,99,0
99,99,0
99,99,0
99,99,0
99,99,0
99,99,0
99,99,0
99,99,0
99,99,0
98,99,-1
98,99,-1
98,99,-1
99,99,0
100,100,0
100,100,0
100,100,0
100,100,0
100,100,0
100,100,0
101,100,1
101,100,1
101,100,1
101,100,1
101,101,0
100,101,-1
99,101,-2
99,101,-2
100,101,-1
101,101,0
101,101,0
101,101,0
102,101,1
102,101,1
102,101,1
102,101,1
101,101,0
101,101,0
101,101,0
101,101,0
101,101,0
101,101,0
101,101,0
100,100,0
100,100,0
99,100,-1
99,100,-1
99,100,-1
100,100,0
100,100,0
100,100,0
100,100,0
100,100,0
100,100,0
100,100,0
100,100,0
100,100,0
100,100,0
99,100,-1
99,100,-1
99,100,-1
100,100,0
101,100,1
101,100,1
100,100,0
99,100,-1
99,100,-1
100,100,0
100,100,0
101,100,1
100,100,0
99,100,-1
100,100,0
100,100,0
100,99,1
100,99,1
99,99,0
99,99,0
99,99,0
100,99,1
99,99,0
99,99,0
99,99,0
99,99,0
99,99,0
99,99,0
99,99,0
99,99,0
99,99,0
99,99,0
99,99,0
99,99,0
99,99,0
99,99,0
99,99,0
99,99,0
99,99,0
99,99,0
99,99,0
99,99,0
99,99,0
99,99,0
100,99,1
100,99,1
100,99,1
100,100,0
100,100,0
99,100,-1
100,100,0
100,100,0
100,100,0
100,100,0
99,100,-1
99,100,-1
100,100,0
100,100,0
101,100,1
101,100,1
101,100,1
101,100,1
100,100,0
99,100,-1
99,100,-1
99,100,-1
100,100,0
100,100,0
100,100,0
100,100,0
100,100,0
100,100,0
100,100,0
99,100,-1
99,100,-1
99,100,-1
100,100,0
100,100,0
100,100,0
99,100,-1
99,100,-1
99,99,0
99,99,0
99,100,-1
100,100,0
100,100,0
100,100,0
100,100,0
100,100,0
99,100,-1
99,100,-1
100,100,0
100,100,0
100,100,0
100,100,0
100,99,1
100,99,1
99,99,0
98,99,-1
98,99,-1
98,99,-1
99,99,0
99,99,0
99,99,0
99,99,0
98,98,0
98,98,0
98,98,0
99,98,1
99,98,1
99,98,1
98,98,0
98,98,0
98,98,0
98,98,0
98,98,0
98,98,0
98,98,0
98,98,0
98,98,0
98,98,0
98,98,0
99,99,0
99,99,0
99,99,0
99,99,0
100,100,0
101,100,1
102,100,2
102,100,2
102,100,2
101,100,1
100,100,0
100,100,0
100,100,0
100,100,0
99,100,-1
99,100,-1
99,100,-1
100,100,0
99,100,-1
99,100,-1
100,100,0
100,99,1
101,99,2
100,99,1
99,99,0
99,99,0
99,99,0
100,99,1
100,99,1
99,99,0
99,99,0
100,99,1
100,99,1
99,99,0
98,99,-1
98,99,-1
98,99,-1
99,99,0
99,99,0
98,98,0
98,98,0
98,98,0
98,98,0
98,98,0
98,98,0
99,98,1
99,99,0
99,99,0
98,99,-1
98,99,-1
98,99,-1
99,99,0
99,99,0
99,99,0
99,99,0
99,98,1
99,98,1
99,98,1
98,98,0
98,98,0
98,98,0
98,98,0
98,98,0
98,98,0
98,98,0
98,98,0
98,98,0
98,98,0
98,98,0
98,98,0
99,98,1
99,98,1
98,98,0
98,98,0
97,98,-1
98,98,0
99,99,0
99,99,0
99,99,0
99,99,0
99,99,0
99,99,0
99,99,0
98,99,-1
98,99,-1
99,99,0
99,99,0
100,99,1
99,99,0
98,99,-1
98,98,0
97,98,-1
97,98,-1
98,98,0
98,98,0
99,98,1
99,98,1
99,98,1
98,98,0
98,98,0
98,98,0
98,98,0
98,98,0
98,98,0
98,98,0
98,98,0
97,98,-1
97,98,-1
97,97,0
97,97,0
98,97,1
98,97,1
97,97,0
97,97,0
97,97,0
97,97,0
97,97,0
97,97,0
97,97,0
97,97,0
98,97,1
97,97,0
97,97,0
97,97,0
98,97,1
98,97,1
98,97,1
97,97,0
98,97,1
98,97,1
99,97,2
98,97,1
98,98,0
97,98,-1
97,97,0
97,97,0
97,97,0
97,97,0
97,97,0
97,97,0
98,97,1
98,97,1
97,97,0
97,97,0
97,97,0
97,97,0
98,97,1
98,97,1
97,97,0
97,97,0
96,97,-1
96,97,-1
96,97,-1
97,97,0
98,97,1
98,97,1
97,97,0
97,97,0
97,97,0
97,97,0
97,97,0
97,97,0
97,97,0
97,97,0
97,97,0
98,97,1
98,97,1
98,97,1
98,97,1
97,97,0
97,97,0
97,97,0
97,97,0
97,97,0
97,97,0
97,97,0
97,97,0
97,97,0
98,97,1
98,97,1
98,97,1
97,97,0
97,97,0
96,97,-1
96,97,-1
96,97,-1
96,97,-1
97,97,0
97,97,0
98,97,1
98,97,1
98,97,1
97,97,0
97,97,0
97,97,0
97,97,0
97,97,0
97,97,0
97,97,0
97,97,0
97,97,0
97,97,0
97,97,0
97,97,0
98,97,1
98,97,1
98,97,1
97,97,0
97,97,0
96,97,-1
96,97,-1
97,97,0
98,97,1
98,97,1
98,97,1
98,97,1
97,97,0
97,97,0
96,97,-1
96,97,-1
96,97,-1
97,97,0
98,97,1
98,97,1
97,97,0
97,97,0
96,97,-1
97,97,0
97,97,0
98,97,1
98,97,1
97,97,0
97,97,0
98,97,1
97,97,0
97,97,0
96,97,-1
96,97,-1
97,97,0
97,97,0
97,97,0
96,97,-1
96,96,0
96,96,0
96,96,0
96,96,0
96,96,0
96,96,0
97,96,1
98,96,2
97,96,1
96,96,0
96,96,0
95,96,-1
96,96,0
97,96,1
97,97,0
97,97,0
97,96,1
96,96,0
96,96,0
96,96,0
96,96,0
97,97,0
97,97,0
97,97,0
96,97,-1
96,97,-1
96,96,0
96,96,0
97,97,0
97,97,0
97,97,0
97,97,0
97,97,0
97,96,1
96,96,0
96,96,0
96,96,0
97,97,0
97,97,0
97,97,0
96,97,-1
96,96,0
96,96,0
96,96,0
96,96,0
96,96,0
97,96,1
97,96,1
97,96,1
97,96,1
96,96,0
96,96,0
96,96,0
96,96,0
96,96,0
97,96,1
97,96,1
97,96,1
96,96,0
96,96,0
95,96,-1
95,96,-1
96,96,0
97,96,1
97,96,1
97,96,1
97,96,1
96,96,0
96,96,0
96,96,0
96,96,0
96,96,0
97,96,1
97,96,1
97,96,1
96,96,0
96,96,0
96,96,0
96,96,0
96,96,0
96,96,0
97,96,1
97,96,1
97,96,1
96,96,0
96,96,0
95,96,-1
96,96,0
96,96,0
97,96,1
96,96,0
96,96,0
95,96,-1
95,96,-1
96,96,0
96,96,0
96,96,0
95,96,-1
96,96,0
96,96,0
96,96,0
96,96,0
96,96,0
96,96,0
96,96,0
97,96,1
97,96,1
98,96,2
97,96,1
97,97,0
96,97,-1
96,97,-1
96,97,-1
96,97,-1
97,97,0
97,97,0
97,97,0
97,97,0
97,96,1
96,96,0
96,96,0
96,97,-1
96,97,-1
97,97,0
97,97,0
97,96,1
96,96,0
96,96,0
96,96,0
97,96,1
97,97,0
97,97,0
96,97,-1
96,97,-1
96,96,0
96,96,0
97,96,1
97,96,1
97,96,1
97,96,1
97,96,1
96,96,0
96,96,0
96,96,0
95,96,-1
95,96,-1
96,96,0
96,96,0
97,96,1
97,96,1
96,96,0
96,96,0
96,96,0
96,96,0
96,96,0
96,96,0
97,96,1
97,96,1
97,96,1
96,96,0
96,96,0
96,96,0
96,96,0
97,96,1
97,97,0
97,97,0
96,97,-1
96,97,-1
96,97,-1
96,97,-1
97,97,0
97,97,0
97,97,0
97,97,0
97,97,0
97,97,0
97,97,0
97,97,0
97,97,0
97,97,0
98,97,1
98,97,1
98,97,1
98,97,1
97,97,0
97,97,0
97,98,-1
97,98,-1
98,98,0
99,98,1
99,98,1
99,98,1
98,98,0
97,98,-1
97,98,-1
98,98,0
99,98,1
100,98,2
100,98,2
99,98,1
98,98,0
97,98,-1
97,98,-1
97,98,-1
97,98,-1
98,97,1
98,97,1
98,97,1
98,97,1
97,97,0
96,97,-1
97,97,0
97,97,0
97,97,0
97,97,0
97,97,0
98,97,1
98,97,1
98,97,1
97,97,0
96,98,-2
97,98,-1
98,98,0
98,98,0
98,98,0
98,98,0
98,98,0
97,98,-1
98,98,0
98,98,0
98,98,0
98,98,0
98,98,0
97,98,-1
97,98,-1
97,98,-1
98,97,1
98,97,1
98,97,1
98,97,1
97,97,0
97,97,0
97,97,0
97,97,0
97,97,0
97,97,0
97,97,0
98,97,1
98,97,1
97,97,0
97,97,0
97,97,0
97,97,0
97,97,0
97,97,0
97,97,0
96,97,-1
96,97,-1
96,97,-1
96,97,-1
96,96,0
96,96,0
96,96,0
96,96,0
97,96,1
97,96,1
97,96,1
97,96,1
96,96,0
96,97,-1
96,97,-1
96,97,-1
96,97,-1
97,97,0
98,97,1
98,97,1
97,97,0
97,97,0
97,97,0
97,97,0
98,97,1
98,97,1
98,97,1
97,97,0
97,97,0
97,97,0
96,97,-1
97,97,0
98,97,1
98,97,1
99,97,2
98,97,1
97,97,0
96,97,-1
96,97,-1
96,97,-1
97,97,0
97,97,0
97,97,0
98,97,1
97,97,0
97,97,0
96,97,-1
96,97,-1
96,97,-1
96,97,-1
97,97,0
97,97,0
97,97,0
97,97,0
97,97,0
97,97,0
97,97,0
97,97,0
97,97,0
98,97,1
98,97,1
98,97,1
97,97,0
97,97,0
98,97,1
98,98,0
99,98,1
98,98,0
97,98,-1
97,98,-1
97,98,-1
97,98,-1
98,98,0
98,98,0
98,98,0
98,97,1
98,97,1
97,97,0
97,97,0
97,97,0
98,97,1
98,97,1
97,97,0
97,97,0
97,97,0
97,97,0
97,97,0
97,97,0
97,98,-1
98,98,0
98,98,0
98,98,0
97,98,-1
98,98,0
98,98,0
98,98,0
98,98,0
98,98,0
98,98,0
99,98,1
99,98,1
98,98,0
97,98,-1
97,98,-1
98,98,0
98,98,0
99,98,1
98,98,0
97,98,-1
97,97,0
97,97,0
97,97,0
97,97,0
97,97,0
97,97,0
98,97,1
98,97,1
98,97,1
97,97,0
97,97,0
97,97,0
97,97,0
97,97,0
97,97,0
97,97,0
97,97,0
97,97,0
97,97,0
96,97,-1
96,97,-1
96,97,-1
96,97,-1
96,97,-1
96,97,-1
96,97,-1
97,97,0
97,97,0
97,97,0
97,97,0
97,97,0
97,97,0
97,97,0
97,97,0
98,97,1
97,97,0
97,97,0
98,97,1
97,97,0
97,97,0
97,97,0
97,97,0
97,97,0
97,97,0
98,97,1
98,97,1
97,97,0
97,97,0
96,97,-1
96,97,-1
96,97,-1
97,97,0
98,97,1
98,97,1
97,97,0
97,97,0
97,97,0
97,97,0
97,97,0
97,97,0
97,97,0
97,97,0
97,97,0
97,97,0
97,97,0
96,97,-1
96,97,-1
96,97,-1
96,97,-1
97,97,0
97,97,0
96,96,0
96,96,0
96,96,0
96,96,0
97,96,1
98,96,2
98,96,2
97,96,1
96,96,0
96,96,0
95,97,-2
96,97,-1
96,97,-1
96,97,-1
97,97,0
97,97,0
97,97,0
97,97,0
97,97,0
97,97,0
97,97,0
97,97,0
98,97,1
98,97,1
98,97,1
97,97,0
96,97,-1
96,97,-1
96,97,-1
97,97,0
97,97,0
97,97,0
97,97,0
97,97,0
96,97,-1
96,97,-1
96,97,-1
97,97,0
98,97,1
98,97,1
98,97,1
97,97,0
97,97,0
96,97,-1
96,97,-1
96,97,-1
97,97,0
97,96,1
97,96,1
97,96,1
96,96,0
95,96,-1
95,96,-1
95,96,-1
96,96,0
96,96,0
96,96,0
96,96,0
96,96,0
96,96,0
96,96,0
96,96,0
96,96,0
96,96,0
96,96,0
96,96,0
96,96,0
96,96,0
95,96,-1
95,96,-1
95,96,-1
95,96,-1
96,96,0
96,96,0
96,96,0
96,96,0
95,95,0
95,95,0
95,96,-1
95,96,-1
96,96,0
97,96,1
97,96,1
96,96,0
95,96,-1
95,96,-1
96,96,0
96,96,0
97,96,1
97,96,1
97,96,1
97,96,1
97,96,1
96,96,0
96,96,0
96,96,0
96,96,0
97,96,1
96,96,0
96,96,0
95,96,-1
95,96,-1
96,96,0
96,96,0
96,96,0
97,96,1
97,96,1
97,96,1
96,96,0
96,96,0
96,96,0
96,96,0
96,96,0
96,96,0
96,96,0
96,96,0
96,96,0
95,96,-1
95,96,-1
95,96,-1
96,96,0
96,96,0
96,96,0
96,96,0
96,96,0
96,96,0
96,96,0
96,96,0
95,96,-1
95,96,-1
96,96,0
97,96,1
97,96,1
97,96,1
96,96,0
97,97,0
97,97,0
96,97,-1
96,97,-1
96,97,-1
97,97,0
98,97,1
98,97,1
97,97,0
97,97,0
97,97,0
98,97,1
98,97,1
98,97,1
97,97,0
97,97,0
97,97,0
97,97,0
96,98,-2
96,98,-2
97,98,-1
98,98,0
98,98,0
98,98,0
98,98,0
98,98,0
98,98,0
98,98,0
98,98,0
98,98,0
99,98,1
99,98,1
98,98,0
98,98,0
97,98,-1
98,98,0
98,98,0
98,98,0
98,98,0
97,98,-1
97,98,-1
97,97,0
97,97,0
97,97,0
97,98,-1
98,98,0
98,98,0
98,98,0
97,98,-1
97,98,-1
97,98,-1
98,98,0
98,98,0
98,98,0
98,98,0
98,98,0
99,98,1
101,98,3
101,98,3
100,98,2
99,98,1
98,98,0
98,98,0
98,98,0
99,99,0
99,99,0
99,98,1
98,98,0
98,98,0
97,98,-1
98,98,0
98,98,0
99,99,0
99,99,0
98,99,-1
98,99,-1
98,99,-1
99,99,0
100,99,1
100,99,1
100,99,1
99,99,0
99,99,0
100,99,1
100,99,1
99,99,0
99,99,0
99,99,0
99,99,0
99,99,0
99,99,0
99,99,0
99,99,0
99,99,0
99,99,0
99,99,0
99,99,0
99,99,0
100,99,1
99,99,0
99,99,0
99,99,0
99,99,0
99,99,0
99,99,0
99,99,0
100,99,1
100,99,1
99,99,0
99,99,0
98,99,-1
98,99,-1
99,99,0
99,99,0
100,99,1
99,99,0
99,99,0
99,99,0
98,99,-1
99,99,0
99,99,0
99,99,0
99,99,0
99,99,0
98,99,-1
99,99,0
99,99,0
99,99,0
99,99,0
99,99,0
98,99,-1
98,99,-1
98,99,-1
98,99,-1
99,99,0
99,99,0
100,99,1
100,99,1
99,98,1
99,98,1
99,98,1
98,98,0
98,98,0
98,98,0
98,98,0
98,98,0
99,98,1
98,98,0
98,98,0
98,98,0
98,98,0
98,98,0
98,98,0
98,98,0
98,98,0
98,98,0
99,98,1
99,98,1
98,98,0
98,98,0
97,98,-1
97,98,-1
97,98,-1
98,98,0
98,98,0
98,98,0
98,98,0
98,98,0
98,98,0
98,98,0
98,98,0
98,98,0
99,98,1
99,98,1
98,98,0
97,98,-1
97,98,-1
98,98,0
99,98,1
99,98,1
98,98,0
98,98,0
98,98,0
99,98,1
99,98,1
98,98,0
97,98,-1
98,98,0
98,98,0
98,98,0
97,98,-1
97,98,-1
98,98,0
99,98,1
99,98,1
98,98,0
98,98,0
98,98,0
98,97,1
98,97,1
97,97,0
97,97,0
96,97,-1
97,97,0
97,97,0
97,97,0
97,97,0
97,97,0
96,97,-1
96,97,-1
96,97,-1
96,97,-1
96,97,-1
97,97,0
97,97,0
97,97,0
97,97,0
96,97,-1
96,97,-1
96,97,-1
97,97,0
97,97,0
97,97,0
97,97,0
97,97,0
97,97,0
97,97,0
98,98,0
98,98,0
98,98,0
98,98,0
99,98,1
99,98,1
99,98,1
99,98,1
98,98,0
98,99,-1
98,99,-1
98,99,-1
98,99,-1
99,99,0
99,99,0
99,99,0
99,99,0
100,100,0
100,100,0
100,100,0
100,100,0
100,100,0
100,100,0
100,100,0
100,100,0
100,100,0
100,100,0
99,100,-1
99,100,-1
99,100,-1
99,100,-1
100,100,0
100,100,0
100,100,0
100,100,0
100,100,0
100,100,0
101,100,1
100,100,0
100,100,0
100,100,0
100,100,0
100,100,0
100,100,0
100,100,0
100,100,0
100,100,0
100,100,0
100,100,0
100,100,0
100,100,0
100,100,0
100,100,0
101,100,1
101,101,0
102,101,1
102,101,1
102,101,1
101,101,0
100,102,-2
101,102,-1
101,102,-1
102,102,0
102,102,0
102,102,0
102,102,0
102,102,0
102,102,0
102,102,0
102,102,0
102,102,0
102,102,0
102,102,0
102,102,0
102,102,0
102,102,0
102,102,0
102,102,0
101,102,-1
101,102,-1
102,102,0
102,101,1
102,101,1
101,101,0
101,101,0
101,101,0
101,101,0
101,101,0
101,101,0
101,101,0
101,101,0
102,101,1
102,101,1
101,101,0
101,101,0
101,101,0
102,102,0
102,102,0
102,102,0
101,102,-1
101,102,-1
102,102,0
102,102,0
102,102,0
102,102,0
102,102,0
102,102,0
101,102,-1
101,102,-1
101,102,-1
101,102,-1
102,102,0
102,102,0
102,102,0
102,102,0
102,102,0
101,102,-1
102,102,0
102,102,0
103,102,1
103,102,1
103,102,1
102,102,0
102,102,0
102,102,0
102,102,0
102,102,0
102,102,0
102,102,0
102,102,0
102,102,0
101,102,-1
101,102,-1
102,102,0
102,102,0
103,102,1
103,102,1
102,102,0
102,102,0
102,102,0
102,102,0
102,102,0
101,102,-1
101,102,-1
102,102,0
102,102,0
102,102,0
102,102,0
102,102,0
102,101,1
101,101,0
101,101,0
101,101,0
101,101,0
102,101,1
101,101,0
101,101,0
101,101,0
101,101,0
101,101,0
101,101,0
101,101,0
102,101,1
102,101,1
101,101,0
101,101,0
101,101,0
101,101,0
102,101,1
102,101,1
102,101,1
102,101,1
102,101,1
102,101,1
102,101,1
101,101,0
101,101,0
101,101,0
101,101,0
101,101,0
101,101,0
101,101,0
101,101,0
100,101,-1
100,101,-1
100,101,-1
101,101,0
101,101,0
101,101,0
101,101,0
100,101,-1
100,101,-1
100,101,-1
101,101,0
101,101,0
101,101,0
101,101,0
101,100,1
101,100,1
101,100,1
100,101,-1
100,101,-1
100,101,-1
100,101,-1
100,100,0
100,100,0
100,100,0
101,100,1
101,100,1
101,100,1
101,100,1
100,100,0
100,100,0
100,100,0
100,100,0
99,100,-1
99,100,-1
99,100,-1
99,100,-1
100,100,0
100,100,0
100,100,0
100,100,0
100,100,0
100,100,0
100,100,0
100,100,0
100,100,0
100,100,0
100,100,0
101,100,1
100,100,0
100,100,0
99,100,-1
99,100,-1
99,100,-1
99,100,-1
100,100,0
100,100,0
101,100,1
101,99,2
101,99,2
100,99,1
100,100,0
99,100,-1
99,100,-1
99,100,-1
99,100,-1
99,100,-1
99,100,-1
100,100,0
100,100,0
101,100,1
101,100,1
100,100,0
100,100,0
100,100,0
100,100,0
100,100,0
99,100,-1
99,100,-1
100,100,0
100,100,0
101,100,1
101,100,1
100,100,0
99,100,-1
99,100,-1
100,100,0
100,100,0
101,100,1
101,100,1
101,100,1
100,100,0
100,100,0
99,100,-1
99,100,-1
100,100,0
100,100,0
100,100,0
100,100,0
100,100,0
100,100,0
100,100,0
100,100,0
100,100,0
99,100,-1
99,100,-1
99,100,-1
99,100,-1
100,99,1
100,99,1
100,99,1
100,99,1
99,99,0
99,99,0
99,99,0
99,99,0
99,99,0
99,99,0
99,99,0
99,99,0
99,99,0
99,99,0
98,99,-1
98,99,-1
99,99,0
99,99,0
99,98,1
98,98,0
98,98,0
98,98,0
99,98,1
98,98,0
98,98,0
97,98,-1
96,98,-2
97,98,-1
97,97,0
98,97,1
98,97,1
98,97,1
97,96,1
96,96,0
96,96,0
96,96,0
96,96,0
96,96,0
96,96,0
95,96,-1
95,96,-1
96,96,0
96,96,0
96,96,0
96,96,0
96,96,0
96,96,0
96,96,0
97,97,0
98,97,1
98,97,1
97,97,0
97,97,0
97,97,0
97,97,0
97,97,0
97,97,0
97,97,0
97,97,0
97,97,0
96,96,0
96,96,0
95,96,-1
95,96,-1
95,96,-1
96,96,0
96,96,0
96,96,0
96,96,0
96,96,0
96,96,0
96,96,0
96,96,0
97,96,1
97,96,1
96,96,0
96,96,0
96,96,0
96,96,0
96,96,0
96,96,0
95,96,-1
95,96,-1
96,96,0
97,96,1
97,96,1
96,96,0
95,96,-1
96,96,0
96,96,0
96,96,0
95,96,-1
95,96,-1
96,96,0
96,96,0
96,96,0
96,96,0
96,96,0
97,96,1
97,96,1
97,96,1
97,96,1
97,96,1
97,96,1
96,96,0
96,96,0
96,96,0
96,97,-1
96,97,-1
96,97,-1
96,96,0
96,96,0
97,96,1
97,96,1
96,96,0
97,97,0
98,97,1
98,97,1
97,97,0
95,97,-2
96,97,-1
97,97,0
99,97,2
98,97,1
97,97,0
97,97,0
98,97,1
98,97,1
97,97,0
96,97,-1
97,97,0
99,97,2
98,97,1
95,97,-2
93,97,-4
97,96,1
101,95,6
97,93,4
80,80,0
57,57,0
39,43,-4
34,42,-8
39,42,-3
43,41,2
42,41,1
39,40,-1
38,40,-2
40,40,0
42,40,2
40,40,0
39,40,-1
39,40,-1
41,40,1
41,40,1
40,40,0
39,40,-1
39,40,-1
41,40,1
41,40,1
40,40,0
39,40,-1
40,40,0
41,40,1
40,40,0
39,40,-1
39,40,-1
40,40,0
41,40,1
40,40,0
39,40,-1
39,40,-1
40,40,0
41,40,1
40,40,0
39,40,-1
40,40,0
40,40,0
40,40,0
40,40,0
39,40,-1
40,40,0
40,40,0
40,40,0
40,40,0
39,40,-1
40,40,0
41,40,1
40,40,0
39,40,-1
40,40,0
40,40,0
41,40,1
40,40,0
39,40,-1
40,40,0
40,40,0
40,40,0
40,40,0
39,40,-1
40,40,0
41,40,1
40,40,0
39,40,-1
39,40,-1
40,40,0
41,40,1
40,40,0
39,40,-1
39,40,-1
40,40,0
41,40,1
40,40,0
39,40,-1
40,40,0
41,40,1
41,40,1
39,40,-1
39,40,-1
40,40,0
41,40,1
41,40,1
39,40,-1
39,40,-1
40,40,0
42,40,2
40,40,0
38,40,-2
38,40,-2
42,41,1
44,41,3
39,42,-3
33,42,-9
39,44,-5
61,61,0