VALUE,MEDIAN,DIFF
97,97,0
122,115,7
128,116,12
121,117,4
115,118,-3
116,118,-2
121,118,3
122,118,4
119,119,0
117,119,-2
118,119,-1
121,118,3
121,118,3
118,118,0
117,118,-1
118,118,0
120,118,2
120,118,2
118,118,0
117,118,-1
118,118,0
118,118,0
117,118,-1
116,118,-2
117,118,-1
118,118,0
119,118,1
117,118,-1
116,118,-2
117,118,-1
118,118,0
119,118,1
119,118,1
118,118,0
118,118,0
118,118,0
117,118,-1
117,118,-1
117,118,-1
118,118,0
119,118,1
118,118,0
117,118,-1
116,118,-2
118,118,0
119,118,1
119,118,1
118,118,0
118,118,0
118,118,0
118,118,0
118,118,0
117,118,-1
118,118,0
118,118,0
118,118,0
117,118,-1
116,118,-2
116,118,-2
117,118,-1
118,118,0
118,118,0
118,118,0
119,118,1
119,118,1
119,118,1
119,118,1
118,118,0
118,118,0
118,118,0
117,118,-1
117,118,-1
117,118,-1
117,118,-1
118,117,1
118,117,1
118,117,1
118,117,1
117,117,0
117,117,0
116,117,-1
115,117,-2
116,117,-1
117,117,0
118,117,1
118,117,1
117,117,0
117,117,0
116,117,-1
116,117,-1
116,117,-1
117,117,0
118,117,1
118,117,1
118,117,1
117,117,0
116,117,-1
116,116,0
116,117,-1
117,117,0
117,117,0
117,117,0
117,116,1
116,116,0
116,116,0
116,116,0
116,116,0
117,116,1
117,116,1
116,116,0
116,116,0
116,116,0
116,116,0
116,116,0
116,116,0
115,115,0
115,115,0
115,115,0
115,115,0
115,115,0
115,115,0
115,115,0
115,115,0
115,115,0
115,115,0
115,115,0
115,115,0
115,115,0
115,115,0
115,115,0
115,115,0
115,115,0
115,115,0
115,115,0
115,115,0
115,115,0
115,115,0
115,115,0
115,115,0
115,115,0
115,115,0
115,115,0
115,115,0
115,115,0
115,115,0
115,115,0
115,115,0
115,115,0
115,115,0
116,115,1
116,115,1
115,115,0
115,115,0
114,115,-1
115,114,1
114,114,0
113,114,-1
113,114,-1
113,114,-1
114,114,0
114,114,0
114,113,1
113,113,0
113,113,0
112,113,-1
112,113,-1
112,113,-1
113,113,0
114,113,1
114,113,1
113,113,0
112,112,0
112,112,0
113,112,1
114,112,2
113,112,1
112,112,0
112,112,0
112,112,0
112,112,0
112,112,0
111,112,-1
111,112,-1
112,112,0
112,112,0
111,112,-1
111,112,-1
111,112,-1
112,112,0
112,112,0
112,112,0
111,112,-1
111,112,-1
113,112,1
114,112,2
115,112,3
114,112,2
113,112,1
112,112,0
112,112,0
112,112,0
112,112,0
113,112,1
113,112,1
113,112,1
112,112,0
112,112,0
112,112,0
112,112,0
111,112,-1
112,112,0
112,112,0
112,112,0
112,112,0
112,112,0
112,112,0
112,112,0
113,112,1
113,112,1
112,112,0
112,112,0
111,112,-1
112,113,-1
112,113,-1
113,113,0
113,113,0
113,113,0
113,113,0
113,113,0
113,113,0
113,113,0
113,113,0
113,113,0
113,113,0
113,113,0
113,113,0
113,113,0
113,113,0
112,113,-1
112,113,-1
112,113,-1
113,113,0
113,113,0
113,113,0
113,113,0
113,113,0
113,113,0
113,113,0
113,113,0
113,113,0
113,113,0
114,113,1
113,113,0
113,113,0
112,113,-1
112,113,-1
113,113,0
113,113,0
113,113,0
114,113,1
114,113,1
114,113,1
114,114,0
113,114,-1
113,114,-1
113,114,-1
114,114,0
114,114,0
114,114,0
115,114,1
115,114,1
114,114,0
114,114,0
114,114,0
114,114,0
114,114,0
114,114,0
113,114,-1
113,114,-1
113,113,0
113,113,0
113,113,0
113,113,0
113,113,0
114,113,1
114,113,1
113,113,0
113,113,0
113,113,0
113,113,0
113,113,0
113,113,0
113,113,0
113,113,0
113,113,0
113,113,0
113,113,0
113,113,0
113,113,0
113,113,0
114,113,1
114,113,1
114,113,1
114,113,1
113,113,0
113,113,0
113,113,0
113,113,0
113,113,0
113,113,0
113,113,0
114,113,1
114,113,1
114,113,1
113,113,0
113,113,0
113,113,0
114,113,1
114,113,1
113,113,0
113,113,0
113,113,0
113,113,0
114,113,1
114,113,1
113,113,0
114,113,1
114,113,1
113,113,0
112,113,-1
112,113,-1
112,113,-1
112,113,-1
113,112,1
113,112,1
113,112,1
113,112,1
112,112,0
112,112,0
112,112,0
112,112,0
112,112,0
112,112,0
112,112,0
112,112,0
112,112,0
112,112,0
112,112,0
112,112,0
112,112,0
112,112,0
112,112,0
112,112,0
111,112,-1
111,112,-1
111,112,-1
112,112,0
112,112,0
112,112,0
112,112,0
112,112,0
112,112,0
112,112,0
112,112,0
112,112,0
112,112,0
111,112,-1
112,112,0
112,112,0
112,112,0
112,112,0
112,112,0
111,112,-1
111,112,-1
112,112,0
113,112,1
113,112,1
112,112,0
111,112,-1
111,112,-1
112,112,0
112,112,0
112,112,0
112,112,0
113,112,1
113,112,1
113,112,1
112,112,0
111,112,-1
111,112,-1
111,112,-1
112,112,0
113,112,1
113,112,1
113,112,1
112,112,0
112,112,0
111,112,-1
111,112,-1
112,112,0
112,112,0
112,112,0
112,112,0
112,112,0
112,112,0
112,112,0
112,112,0
113,112,1
113,112,1
113,112,1
113,112,1
113,112,1
112,112,0
112,112,0
112,112,0
112,112,0
112,112,0
112,112,0
112,112,0
112,112,0
112,112,0
112,112,0
113,112,1
113,112,1
114,112,2
114,113,1
113,113,0
113,113,0
112,113,-1
112,113,-1
112,113,-1
113,113,0
113,113,0
113,113,0
113,113,0
113,113,0
113,113,0
114,113,1
113,113,0
113,113,0
113,113,0
113,113,0
114,113,1
114,113,1
113,113,0
113,113,0
113,113,0
113,113,0
114,113,1
114,114,0
114,114,0
114,114,0
114,114,0
114,114,0
113,114,-1
113,114,-1
113,114,-1
114,114,0
114,114,0
113,114,-1
113,113,0
114,113,1
114,113,1
114,113,1
114,113,1
113,113,0
113,113,0
113,113,0
113,113,0
113,113,0
112,113,-1
113,113,0
113,113,0
113,113,0
113,113,0
113,113,0
113,113,0
113,113,0
113,113,0
113,113,0
113,113,0
113,113,0
112,113,-1
112,113,-1
113,113,0
113,113,0
114,113,1
114,113,1
114,113,1
113,113,0
113,113,0
112,112,0
112,112,0
112,112,0
113,112,1
113,112,1
112,112,0
112,112,0
112,112,0
112,112,0
112,112,0
112,112,0
112,112,0
112,112,0
112,112,0
112,112,0
112,112,0
112,112,0
112,112,0
112,112,0
113,112,1
114,112,2
114,112,2
113,112,1
112,112,0
111,112,-1
111,112,-1
112,113,-1
113,113,0
114,113,1
114,113,1
113,113,0
113,113,0
112,113,-1
112,113,-1
112,113,-1
113,113,0
113,113,0
114,113,1
114,113,1
114,113,1
113,114,-1
113,114,-1
113,114,-1
114,114,0
114,114,0
114,114,0
114,114,0
114,114,0
114,114,0
114,114,0
114,114,0
114,114,0
115,114,1
115,114,1
115,114,1
114,114,0
114,114,0
113,114,-1
113,114,-1
113,114,-1
114,114,0
114,114,0
114,114,0
114,114,0
115,114,1
115,114,1
114,114,0
114,114,0
113,114,-1
114,114,0
114,114,0
114,114,0
114,114,0
113,114,-1
114,114,0
114,114,0
115,114,1
114,114,0
114,114,0
114,114,0
114,114,0
114,114,0
114,114,0
113,114,-1
114,114,0
114,114,0
115,114,1
115,114,1
114,114,0
113,114,-1
114,114,0
114,114,0
114,114,0
114,114,0
114,114,0
115,114,1
115,114,1
115,114,1
114,114,0
114,114,0
114,115,-1
114,115,-1
114,115,-1
115,115,0
115,115,0
116,115,1
116,115,1
115,115,0
115,115,0
115,115,0
115,115,0
116,115,1
116,115,1
116,116,0
115,116,-1
115,116,-1
115,116,-1
115,116,-1
116,116,0
116,116,0
116,116,0
116,116,0
116,116,0
116,116,0
116,116,0
116,116,0
116,116,0
116,116,0
116,116,0
116,116,0
116,116,0
115,116,-1
115,116,-1
116,116,0
117,116,1
118,116,2
118,116,2
118,116,2
117,116,1
116,116,0
116,116,0
116,117,-1
116,117,-1
116,117,-1
116,117,-1
116,117,-1
117,117,0
117,117,0
117,117,0
117,117,0
117,117,0
117,117,0
117,117,0
117,117,0
117,117,0
117,117,0
117,117,0
117,117,0
117,117,0
116,117,-1
117,117,0
117,117,0
117,117,0
117,117,0
117,117,0
117,117,0
117,117,0
117,117,0
116,117,-1
116,117,-1
116,117,-1
117,117,0
117,117,0
117,117,0
116,116,0
116,116,0
117,116,1
117,116,1
117,116,1
116,116,0
116,116,0
116,116,0
116,116,0
115,116,-1
115,116,-1
115,116,-1
116,116,0
116,116,0
117,116,1
116,116,0
116,116,0
116,116,0
116,115,1
116,115,1
116,115,1
115,116,-1
115,116,-1
115,116,-1
115,116,-1
115,115,0
115,115,0
115,115,0
115,115,0
115,115,0
116,115,1
116,115,1
116,116,0
116,116,0
115,116,-1
115,116,-1
116,116,0
116,116,0
116,116,0
116,116,0
116,116,0
116,116,0
115,116,-1
115,116,-1
115,116,-1
116,116,0
116,116,0
117,116,1
116,116,0
116,116,0
117,116,1
117,116,1
116,116,0
116,116,0
116,116,0
117,116,1
118,116,2
117,116,1
117,116,1
116,116,0
116,116,0
116,116,0
117,116,1
116,117,-1
116,117,-1
116,117,-1
117,117,0
117,117,0
116,116,0
116,116,0
117,117,0
117,117,0
118,117,1
118,117,1
118,117,1
117,117,0
116,117,-1
116,116,0
116,116,0
117,117,0
117,117,0
117,116,1
116,116,0
116,116,0
115,116,-1
115,116,-1
116,116,0
116,116,0
117,116,1
117,116,1
116,116,0
116,116,0
116,116,0
116,116,0
116,117,-1
117,117,0
117,117,0
118,117,1
118,117,1
118,117,1
117,117,0
116,117,-1
117,117,0
118,117,1
119,117,2
118,117,1
117,118,-1
117,118,-1
117,117,0
117,117,0
117,117,0
117,118,-1
118,118,0
118,118,0
119,118,1
119,118,1
118,118,0
117,118,-1
117,118,-1
118,118,0
119,118,1
119,118,1
119,118,1
118,118,0
117,118,-1
117,118,-1
117,118,-1
118,118,0
118,118,0
118,118,0
118,118,0
118,118,0
118,118,0
117,118,-1
117,118,-1
117,118,-1
117,118,-1
118,118,0
118,118,0
118,118,0
118,118,0
118,118,0
118,118,0
118,118,0
118,118,0
119,118,1
119,118,1
119,118,1
118,118,0
118,118,0
117,118,-1
118,118,0
118,118,0
119,119,0
119,119,0
119,118,1
119,118,1
119,118,1
118,118,0
118,118,0
118,118,0
119,118,1
119,118,1
118,118,0
118,118,0
118,118,0
118,118,0
118,118,0
118,118,0
118,118,0
118,118,0
118,118,0
118,118,0
118,118,0
118,118,0
118,118,0
118,118,0
118,118,0
118,118,0
117,118,-1
117,118,-1
117,118,-1
118,118,0
118,118,0
118,118,0
118,118,0
118,118,0
118,118,0
118,118,0
118,118,0
118,118,0
118,118,0
118,118,0
118,118,0
118,118,0
118,118,0
118,118,0
118,118,0
118,118,0
118,118,0
118,118,0
118,118,0
117,118,-1
117,118,-1
118,118,0
119,118,1
119,118,1
119,118,1
118,118,0
118,118,0
118,118,0
118,118,0
118,119,-1
118,119,-1
119,119,0
120,119,1
120,119,1
119,119,0
119,119,0
118,119,-1
119,119,0
119,119,0
119,119,0
119,119,0
119,119,0
119,119,0
119,119,0
119,119,0
119,119,0
119,119,0
119,119,0
119,119,0
119,119,0
118,118,0
118,118,0
118,118,0
118,118,0
118,118,0
118,118,0
118,118,0
118,118,0
118,118,0
118,118,0
117,118,-1
117,118,-1
117,118,-1
117,118,-1
118,118,0
118,118,0
118,118,0
118,118,0
118,118,0
118,118,0
118,118,0
117,118,-1
118,118,0
118,118,0
118,118,0
118,118,0
118,118,0
117,118,-1
117,118,-1
117,118,-1
118,118,0
118,118,0
118,118,0
118,118,0
118,118,0
118,118,0
118,118,0
118,118,0
118,118,0
118,118,0
119,118,1
118,118,0
118,118,0
118,118,0
118,118,0
118,119,-1
119,119,0
120,119,1
120,119,1
120,119,1
119,119,0
119,119,0
119,119,0
119,119,0
119,119,0
119,119,0
119,119,0
119,119,0
120,119,1
120,119,1
119,119,0
119,119,0
119,119,0
119,119,0
119,119,0
119,119,0
119,119,0
119,119,0
119,119,0
119,119,0
119,119,0
119,119,0
118,119,-1
118,119,-1
118,119,-1
118,119,-1
119,119,0
119,119,0
119,119,0
119,119,0
118,119,-1
118,119,-1
118,119,-1
118,119,-1
118,119,-1
119,119,0
119,119,0
120,119,1
120,119,1
119,120,-1
119,120,-1
120,120,0
120,120,0
120,120,0
120,120,0
120,120,0
120,120,0
120,119,1
120,119,1
119,119,0
119,120,-1
119,120,-1
119,120,-1
119,120,-1
119,119,0
118,119,-1
118,119,-1
119,119,0
120,119,1
120,120,0
121,120,1
120,120,0
120,120,0
119,120,-1
120,120,0
120,120,0
121,120,1
121,120,1
120,120,0
120,120,0
120,120,0
120,120,0
120,120,0
120,120,0
120,120,0
120,120,0
120,120,0
119,119,0
119,119,0
119,119,0
119,119,0
119,119,0
119,119,0
119,119,0
119,119,0
119,119,0
119,119,0
119,119,0
118,119,-1
118,119,-1
118,119,-1
119,119,0
119,119,0
119,119,0
119,119,0
119,119,0
118,119,-1
118,119,-1
119,119,0
120,119,1
120,120,0
120,120,0
120,120,0
119,120,-1
120,120,0
120,120,0
120,120,0
120,120,0
120,120,0
122,120,2
123,120,3
123,120,3
121,120,1
120,121,-1
120,121,-1
121,121,0
122,121,1
122,121,1
121,121,0
120,121,-1
120,121,-1
121,121,0
121,121,0
121,121,0
121,121,0
121,121,0
121,121,0
121,121,0
121,121,0
120,121,-1
120,121,-1
120,121,-1
121,121,0
121,121,0
121,121,0
121,121,0
120,121,-1
120,121,-1
121,121,0
121,121,0
122,121,1
121,121,0
121,121,0
120,120,0
121,120,1
121,120,1
120,120,0
120,120,0
120,120,0
120,120,0
120,120,0
120,120,0
120,120,0
120,120,0
120,120,0
120,120,0
121,120,1
122,120,2
122,120,2
121,121,0
120,121,-1
119,121,-2
120,121,-1
121,121,0
122,121,1
123,121,2
122,122,0
121,122,-1
121,121,0
121,121,0
121,121,0
122,121,1
122,121,1
122,121,1
122,121,1
122,121,1
122,121,1
121,121,0
121,121,0
121,121,0
121,121,0
121,121,0
121,121,0
121,121,0
122,121,1
122,121,1
121,121,0
121,121,0
121,121,0
121,121,0
121,121,0
122,121,1
121,121,0
120,121,-1
120,121,-1
120,121,-1
120,121,-1
121,121,0
121,121,0
121,121,0
121,121,0
121,121,0
121,121,0
121,121,0
121,121,0
121,121,0
121,121,0
121,121,0
121,121,0
121,121,0
121,121,0
120,121,-1
120,121,-1
121,121,0
122,121,1
122,121,1
122,121,1
121,121,0
121,121,0
121,121,0
121,121,0
122,121,1
122,122,0
122,122,0
122,121,1
121,121,0
121,121,0
121,121,0
121,121,0
122,121,1
122,121,1
122,121,1
121,121,0
121,121,0
121,121,0
120,121,-1
121,121,0
121,122,-1
122,122,0
122,122,0
122,122,0
121,122,-1
121,122,-1
122,122,0
122,122,0
122,122,0
122,122,0
122,122,0
122,122,0
122,122,0
122,122,0
121,122,-1
121,122,-1
122,122,0
122,122,0
122,122,0
122,122,0
122,122,0
122,122,0
122,122,0
122,122,0
121,122,-1
122,122,0
122,122,0
123,122,1
123,123,0
123,123,0
123,123,0
123,123,0
123,123,0
123,123,0
122,123,-1
123,123,0
123,123,0
123,123,0
123,123,0
123,123,0
123,123,0
122,123,-1
122,123,-1
123,123,0
123,123,0
123,123,0
124,123,1
124,123,1
124,123,1
124,123,1
123,123,0
123,123,0
123,123,0
123,123,0
123,123,0
123,123,0
123,123,0
123,123,0
123,123,0
123,123,0
123,123,0
122,123,-1
123,123,0
123,123,0
123,123,0
123,123,0
122,123,-1
122,123,-1
123,123,0
123,123,0
123,123,0
123,123,0
123,123,0
123,123,0
124,123,1
124,123,1
123,123,0
122,123,-1
122,123,-1
122,123,-1
123,123,0
123,123,0
123,123,0
123,123,0
123,123,0
122,123,-1
122,123,-1
122,123,-1
122,123,-1
123,123,0
123,123,0
123,123,0
123,123,0
123,123,0
123,123,0
123,123,0
124,123,1
124,123,1
124,123,1
124,123,1
123,123,0
123,123,0
123,123,0
123,123,0
124,123,1
124,123,1
123,123,0
123,123,0
122,123,-1
122,123,-1
122,123,-1
123,123,0
123,123,0
124,123,1
123,123,0
123,123,0
123,123,0
123,123,0
123,123,0
124,123,1
123,123,0
123,123,0
123,123,0
124,123,1
123,123,0
123,123,0
123,123,0
123,123,0
123,123,0
124,123,1
125,123,2
124,123,1
124,124,0
123,124,-1
122,124,-2
122,124,-2
123,124,-1
124,125,-1
125,125,0
125,125,0
125,125,0
125,125,0
125,125,0
125,125,0
125,125,0
125,125,0
126,125,1
126,125,1
126,125,1
125,125,0
125,125,0
125,125,0
125,125,0
125,125,0
126,125,1
126,125,1
125,125,0
125,125,0
124,125,-1
124,125,-1
124,125,-1
125,125,0
126,125,1
125,125,0
125,125,0
125,125,0
124,125,-1
125,125,0
125,125,0
125,125,0
125,125,0
125,125,0
125,125,0
125,125,0
125,125,0
125,125,0
125,125,0
125,125,0
125,125,0
125,125,0
125,125,0
125,125,0
125,125,0
125,125,0
125,125,0
125,125,0
125,125,0
125,125,0
125,125,0
125,125,0
125,125,0
125,125,0
125,125,0
125,125,0
125,125,0
125,125,0
125,125,0
126,125,1
126,125,1
125,125,0
124,125,-1
124,125,-1
124,124,0
124,124,0
125,124,1
125,124,1
124,124,0
124,124,0
124,124,0
123,124,-1
122,124,-2
122,124,-2
122,124,-2
123,124,-1
124,124,0
124,124,0
125,124,1
124,124,0
124,124,0
124,124,0
124,124,0
124,124,0
124,124,0
124,124,0
124,124,0
124,124,0
124,124,0
124,124,0
124,124,0
124,124,0
124,124,0
123,124,-1
123,124,-1
123,124,-1
123,124,-1
123,124,-1
123,124,-1
124,124,0
124,124,0
124,124,0
124,124,0
124,124,0
124,124,0
123,124,-1
123,124,-1
123,124,-1
124,124,0
125,124,1
125,124,1
125,124,1
124,124,0
124,124,0
123,124,-1
123,124,-1
123,124,-1
123,124,-1
124,124,0
124,124,0
124,124,0
124,124,0
124,124,0
124,124,0
123,124,-1
124,124,0
124,124,0
124,124,0
124,124,0
124,124,0
124,124,0
123,124,-1
124,124,0
124,124,0
125,124,1
125,124,1
125,124,1
124,124,0
123,124,-1
122,125,-3
123,125,-2
124,125,-1
125,125,0
125,125,0
125,125,0
125,125,0
125,125,0
125,125,0
125,125,0
125,125,0
125,125,0
126,125,1
126,125,1
126,125,1
125,125,0
124,125,-1
124,125,-1
125,125,0
126,125,1
127,126,1
126,126,0
126,126,0
125,125,0
124,125,-1
124,125,-1
124,126,-2
126,126,0
126,126,0
126,126,0
126,126,0
125,126,-1
125,126,-1
125,126,-1
126,126,0
126,126,0
126,126,0
126,126,0
126,126,0
126,126,0
126,126,0
126,126,0
126,126,0
127,126,1
128,126,2
128,126,2
127,126,1
126,126,0
125,126,-1
125,126,-1
125,126,-1
126,126,0
127,126,1
127,126,1
127,126,1
126,126,0
126,126,0
125,126,-1
126,126,0
126,126,0
126,126,0
126,126,0
126,126,0
126,126,0
126,126,0
126,126,0
126,126,0
127,126,1
127,126,1
127,127,0
127,127,0
127,127,0
127,127,0
126,127,-1
126,127,-1
127,127,0
127,127,0
127,127,0
127,127,0
126,127,-1
126,127,-1
126,127,-1
126,126,0
127,127,0
127,127,0
127,127,0
127,127,0
127,127,0
126,127,-1
126,127,-1
126,127,-1
126,127,-1
127,127,0
127,127,0
127,127,0
127,127,0
127,127,0
126,127,-1
126,127,-1
126,127,-1
127,127,0
128,127,1
128,127,1
127,127,0
127,127,0
127,127,0
127,127,0
128,127,1
128,127,1
127,127,0
127,127,0
128,127,1
129,127,2
128,127,1
128,127,1
127,127,0
127,127,0
127,127,0
127,127,0
127,128,-1
127,128,-1
127,128,-1
128,128,0
128,128,0
128,128,0
127,128,-1
128,128,0
128,128,0
128,128,0
128,128,0
128,128,0
128,128,0
128,128,0
127,128,-1
127,128,-1
127,128,-1
128,128,0
128,128,0
129,128,1
128,128,0
128,128,0
128,128,0
128,128,0
128,128,0
128,128,0
127,128,-1
127,128,-1
127,128,-1
128,128,0
128,128,0
128,128,0
127,128,-1
127,127,0
127,127,0
128,127,1
128,127,1
127,127,0
127,127,0
127,127,0
128,127,1
128,127,1
127,127,0
127,127,0
127,127,0
128,127,1
128,127,1
127,127,0
127,127,0
126,126,0
126,126,0
126,126,0
126,126,0
126,126,0
126,126,0
126,126,0
126,126,0
126,126,0
126,126,0
125,126,-1
125,126,-1
125,126,-1
126,125,1
126,125,1
126,125,1
125,125,0
125,125,0
124,125,-1
124,125,-1
125,125,0
125,125,0
125,125,0
125,124,1
125,124,1
124,124,0
124,124,0
124,124,0
124,124,0
124,124,0
124,124,0
124,124,0
124,124,0
124,124,0
124,124,0
124,124,0
124,124,0
125,124,1
125,124,1
125,124,1
124,124,0
124,124,0
124,124,0
124,124,0
125,125,0
126,125,1
127,125,2
126,125,1
126,125,1
124,125,-1
124,125,-1
124,125,-1
125,125,0
125,125,0
126,126,0
126,126,0
126,126,0
125,126,-1
125,126,-1
125,126,-1
125,126,-1
126,126,0
127,126,1
127,126,1
126,126,0
126,126,0
126,126,0
126,126,0
126,126,0
127,126,1
127,126,1
127,126,1
127,126,1
126,126,0
126,126,0
125,126,-1
126,126,0
126,126,0
127,127,0
127,127,0
127,127,0
127,127,0
126,126,0
125,126,-1
125,127,-2
126,127,-1
127,127,0
128,127,1
127,127,0
127,127,0
127,127,0
126,127,-1
126,127,-1
127,127,0
127,127,0
128,127,1
128,127,1
127,127,0
127,127,0
127,128,-1
127,128,-1
128,128,0
129,128,1
129,128,1
129,128,1
129,128,1
128,128,0
128,128,0
128,128,0
128,129,-1
129,129,0
129,129,0
130,129,1
129,129,0
128,129,-1
128,128,0
128,128,0
129,129,0
129,129,0
129,129,0
129,128,1
129,128,1
128,128,0
128,128,0
128,128,0
128,128,0
129,128,1
128,128,0
128,128,0
128,128,0
128,128,0
128,128,0
128,128,0
128,128,0
128,128,0
128,128,0
128,128,0
128,128,0
128,128,0
128,128,0
128,128,0
129,128,1
129,128,1
129,128,1
129,128,1
129,128,1
128,128,0
127,128,-1
127,128,-1
127,128,-1
128,128,0
129,128,1
129,128,1
128,128,0
128,128,0
128,128,0
128,128,0
128,128,0
128,128,0
127,128,-1
127,128,-1
128,128,0
128,128,0
128,128,0
128,128,0
128,128,0
129,128,1
129,128,1
129,128,1
128,128,0
128,129,-1
128,129,-1
129,129,0
129,129,0
129,129,0
129,129,0
128,129,-1
129,129,0
129,129,0
129,129,0
129,129,0
129,129,0
129,129,0
129,129,0
129,129,0
129,129,0
129,129,0
130,129,1
130,129,1
130,129,1
130,129,1
130,129,1
129,129,0
129,129,0
128,129,-1
128,129,-1
128,129,-1
128,129,-1
129,129,0
129,129,0
129,129,0
128,129,-1
129,129,0
129,129,0
129,129,0
129,129,0
129,129,0
129,129,0
129,129,0
129,129,0
128,129,-1
128,129,-1
128,129,-1
129,129,0
129,129,0
129,129,0
128,129,-1
128,128,0
128,128,0
128,128,0
128,128,0
128,128,0
129,128,1
129,128,1
129,128,1
129,128,1
128,128,0
128,129,-1
128,129,-1
128,129,-1
128,129,-1
129,129,0
129,129,0
129,129,0
129,129,0
129,129,0
129,129,0
129,129,0
129,129,0
129,129,0
129,129,0
129,129,0
129,129,0
129,129,0
129,129,0
129,129,0
130,129,1
130,129,1
130,129,1
129,129,0
129,129,0
129,129,0
129,129,0
128,129,-1
128,129,-1
128,129,-1
129,129,0
129,129,0
128,129,-1
128,129,-1
128,129,-1
128,129,-1
128,129,-1
129,129,0
129,129,0
129,129,0
129,129,0
129,129,0
129,129,0
129,129,0
130,129,1
131,129,2
130,129,1
130,129,1
129,129,0
129,129,0
129,129,0
129,129,0
129,129,0
129,130,-1
130,129,1
130,129,1
130,129,1
128,129,-1
127,129,-2
128,130,-2
130,130,0
131,130,1
130,130,0
129,130,-1
129,130,-1
130,130,0
131,130,1
131,130,1
130,130,0
129,130,-1
129,130,-1
130,130,0
130,130,0
130,130,0
129,130,-1
129,130,-1
130,130,0
130,130,0
130,130,0
129,130,-1
129,130,-1
130,130,0
130,130,0
130,130,0
130,130,0
130,130,0
130,130,0
130,130,0
129,130,-1
129,130,-1
129,130,-1
130,130,0
130,130,0
130,130,0
130,130,0
130,130,0
131,130,1
131,130,1
130,130,0
129,130,-1
129,130,-1
129,130,-1
130,130,0
131,131,0
131,131,0
131,131,0
131,131,0
131,131,0
131,131,0
130,131,-1
130,131,-1
131,131,0
132,132,0
132,132,0
132,132,0
132,132,0
132,132,0
132,132,0
132,132,0
132,132,0
132,132,0
132,132,0
133,132,1
133,132,1
133,132,1
133,132,1
133,132,1
133,133,0
133,133,0
132,133,-1
132,133,-1
132,133,-1
132,133,-1
132,133,-1
133,133,0
133,132,1
133,132,1
133,132,1
133,132,1
133,133,0
132,133,-1
132,133,-1
132,133,-1
132,133,-1
132,133,-1
133,133,0
134,133,1
134,133,1
134,133,1
133,133,0
133,133,0
133,133,0
133,133,0
133,133,0
133,133,0
133,133,0
133,133,0
133,133,0
133,133,0
132,132,0
132,132,0
132,132,0
132,132,0
132,132,0
132,132,0
132,132,0
132,132,0
132,132,0
132,132,0
132,132,0
132,132,0
132,132,0
132,132,0
132,132,0
131,132,-1
131,132,-1
132,132,0
132,132,0
132,132,0
132,132,0
132,132,0
132,132,0
132,132,0
132,132,0
132,132,0
132,132,0
133,132,1
133,132,1
133,132,1
132,132,0
132,132,0
132,132,0
132,132,0
132,132,0
133,132,1
133,132,1
132,132,0
132,132,0
131,132,-1
131,132,-1
131,132,-1
131,132,-1
131,132,-1
132,132,0
132,132,0
132,132,0
131,132,-1
130,132,-2
131,132,-1
132,132,0
132,132,0
133,132,1
132,132,0
132,132,0
133,132,1
133,132,1
132,132,0
131,132,-1
131,132,-1
132,132,0
132,132,0
132,132,0
131,132,-1
131,132,-1
132,132,0
132,131,1
132,131,1
132,132,0
132,132,0
131,131,0
131,131,0
131,131,0
131,131,0
131,131,0
131,131,0
132,131,1
132,131,1
131,131,0
131,131,0
131,131,0
131,131,0
131,131,0
131,131,0
131,131,0
131,131,0
131,131,0
131,131,0
131,131,0
131,131,0
132,132,0
132,132,0
132,132,0
132,132,0
132,132,0
132,132,0
132,132,0
132,132,0
132,132,0
132,132,0
132,132,0
131,132,-1
131,132,-1
132,132,0
132,132,0
132,132,0
132,132,0
131,132,-1
131,131,0
132,131,1
132,131,1
132,131,1
131,131,0
131,131,0
131,131,0
131,131,0
130,131,-1
130,131,-1
130,131,-1
131,131,0
131,130,1
131,130,1
130,130,0
130,130,0
131,130,1
130,130,0
130,130,0
130,130,0
130,130,0
130,130,0
130,130,0
129,130,-1
129,130,-1
129,130,-1
130,130,0
130,129,1
129,129,0
129,129,0
129,129,0
130,129,1
130,129,1
129,129,0
128,129,-1
128,129,-1
129,129,0
129,129,0
129,129,0
129,129,0
129,129,0
129,129,0
129,129,0
128,129,-1
128,129,-1
128,129,-1
129,129,0
129,129,0
129,129,0
129,129,0
129,129,0
128,129,-1
128,128,0
127,129,-2
128,129,-1
129,129,0
129,129,0
129,129,0
129,129,0
128,129,-1
128,129,-1
128,129,-1
129,129,0
129,129,0
129,129,0
129,129,0
129,129,0
129,129,0
129,129,0
129,129,0
128,129,-1
128,129,-1
129,129,0
129,129,0
130,129,1
130,129,1
129,129,0
128,129,-1
128,129,-1
129,129,0
130,129,1
130,129,1
130,129,1
129,129,0
128,129,-1
128,129,-1
129,129,0
129,129,0
129,129,0
130,129,1
130,129,1
129,129,0
129,129,0
129,129,0
129,129,0
129,129,0
129,129,0
130,129,1
130,129,1
129,129,0
129,129,0
129,129,0
128,129,-1
128,129,-1
129,129,0
130,129,1
130,129,1
130,129,1
129,129,0
129,129,0
129,129,0
129,129,0
130,129,1
130,129,1
130,130,0
129,130,-1
129,129,0
129,129,0
129,129,0
129,129,0
130,129,1
130,130,0
130,130,0
130,130,0
130,129,1
129,129,0
128,129,-1
128,129,-1
129,129,0
130,129,1
130,129,1
130,129,1
130,129,1
129,129,0
129,129,0
128,129,-1
129,129,0
129,129,0
129,129,0
130,129,1
129,129,0
129,129,0
129,129,0
129,129,0
129,129,0
129,129,0
129,129,0
129,129,0
129,129,0
129,129,0
129,129,0
128,129,-1
128,129,-1
128,129,-1
129,129,0
130,129,1
130,129,1
129,129,0
129,129,0
129,129,0
130,129,1
131,130,1
131,130,1
131,130,1
130,130,0
130,130,0
129,130,-1
129,130,-1
129,130,-1
130,130,0
131,131,0
131,131,0
130,130,0
130,130,0
130,130,0
131,130,1
131,130,1
131,130,1
131,130,1
131,130,1
131,130,1
130,130,0
130,130,0
130,130,0
130,130,0
130,130,0
130,130,0
130,130,0
130,130,0
130,130,0
130,130,0
131,130,1
131,130,1
131,130,1
131,130,1
130,131,-1
130,131,-1
130,131,-1
130,131,-1
131,131,0
131,131,0
131,131,0
131,131,0
131,131,0
131,131,0
130,131,-1
130,131,-1
130,131,-1
130,131,-1
130,131,-1
131,131,0
131,131,0
131,131,0
132,131,1
131,131,0
131,131,0
131,131,0
131,131,0
131,131,0
131,131,0
131,131,0
131,131,0
131,131,0
131,131,0
131,131,0
132,131,1
132,131,1
131,131,0
131,132,-1
131,132,-1
132,132,0
133,132,1
134,132,2
134,132,2
133,132,1
132,132,0
132,132,0
132,132,0
133,132,1
132,132,0
132,132,0
132,132,0
132,132,0
132,132,0
131,132,-1
131,132,-1
132,132,0
132,132,0
132,132,0
132,132,0
132,132,0
131,132,-1
131,132,-1
131,132,-1
131,132,-1
132,132,0
132,132,0
133,132,1
132,132,0
132,132,0
132,132,0
133,132,1
133,132,1
133,132,1
133,133,0
133,133,0
133,133,0
132,132,0
132,132,0
131,132,-1
132,132,0
133,132,1
134,132,2
133,132,1
132,132,0
131,132,-1
131,132,-1
132,132,0
132,132,0
132,132,0
132,132,0
133,132,1
132,132,0
132,132,0
131,132,-1
131,132,-1
132,132,0
132,132,0
133,132,1
133,132,1
132,132,0
132,132,0
132,132,0
132,132,0
132,132,0
132,132,0
132,132,0
132,132,0
132,132,0
131,132,-1
131,132,-1
131,132,-1
131,132,-1
131,132,-1
131,132,-1
132,132,0
132,132,0
132,132,0
131,132,-1
131,132,-1
131,132,-1
132,132,0
132,132,0
132,132,0
132,132,0
132,132,0
132,132,0
133,132,1
133,132,1
133,132,1
133,132,1
133,132,1
133,132,1
133,133,0
133,133,0
132,133,-1
132,133,-1
132,133,-1
132,133,-1
132,133,-1
132,133,-1
133,133,0
134,133,1
134,133,1
133,133,0
133,133,0
133,133,0
133,133,0
134,134,0
134,134,0
134,134,0
134,134,0
134,134,0
134,134,0
134,134,0
133,134,-1
133,134,-1
134,134,0
134,134,0
133,134,-1
133,134,-1
134,134,0
134,134,0
134,134,0
134,134,0
134,134,0
134,134,0
134,134,0
134,134,0
133,134,-1
133,134,-1
133,134,-1
134,133,1
134,133,1
134,133,1
133,133,0
133,133,0
133,133,0
133,133,0
133,133,0
132,133,-1
132,133,-1
132,133,-1
132,133,-1
133,133,0
133,133,0
133,133,0
132,133,-1
132,133,-1
132,133,-1
133,133,0
133,133,0
133,133,0
133,133,0
133,133,0
133,133,0
133,133,0
133,133,0
133,133,0
133,133,0
134,133,1
134,133,1
134,133,1
133,133,0
132,133,-1
132,133,-1
133,133,0
133,133,0
134,133,1
134,133,1
134,133,1
134,133,1
133,133,0
132,133,-1
132,133,-1
132,133,-1
133,133,0
134,133,1
134,133,1
133,133,0
132,133,-1
132,133,-1
132,133,-1
132,133,-1
133,133,0
133,133,0
133,133,0
133,133,0
133,133,0
133,133,0
133,133,0
133,133,0
133,133,0
133,133,0
133,133,0
133,133,0
133,133,0
132,133,-1
132,133,-1
132,133,-1
133,133,0
133,133,0
133,133,0
133,133,0
133,132,1
133,132,1
132,132,0
132,132,0
132,132,0
132,132,0
133,132,1
132,132,0
132,132,0
132,132,0
132,132,0
132,132,0
132,132,0
132,132,0
132,132,0
132,132,0
132,132,0
132,132,0
131,132,-1
130,132,-2
130,132,-2
131,132,-1
132,132,0
133,132,1
133,132,1
132,132,0
131,132,-1
131,132,-1
131,132,-1
132,132,0
133,132,1
133,132,1
133,132,1
133,132,1
132,132,0
132,132,0
132,132,0
131,132,-1
132,132,0
132,132,0
133,132,1
133,132,1
132,132,0
131,132,-1
131,132,-1
131,132,-1
131,132,-1
132,132,0
132,132,0
132,132,0
132,132,0
132,132,0
131,132,-1
131,132,-1
132,132,0
132,132,0
132,132,0
133,132,1
132,132,0
132,132,0
132,132,0
131,132,-1
132,132,0
132,132,0
132,132,0
132,132,0
132,132,0
132,132,0
132,132,0
131,132,-1
131,132,-1
131,132,-1
132,132,0
132,132,0
131,132,-1
131,132,-1
131,131,0
131,131,0
132,131,1
132,131,1
132,131,1
131,132,-1
131,131,0
132,131,1
132,131,1
131,132,-1
131,132,-1
131,132,-1
132,132,0
132,131,1
132,131,1
131,131,0
131,131,0
132,131,1
132,131,1
132,132,0
131,132,-1
131,132,-1
131,132,-1
131,132,-1
131,132,-1
132,132,0
132,132,0
132,132,0
133,132,1
133,132,1
133,132,1
132,132,0
132,132,0
132,132,0
133,132,1
133,132,1
133,132,1
132,132,0
132,132,0
133,132,1
133,132,1
133,132,1
132,132,0
131,132,-1
131,132,-1
131,132,-1
131,132,-1
132,132,0
132,132,0
132,132,0
132,132,0
133,132,1
133,132,1
132,132,0
131,132,-1
131,132,-1
131,132,-1
132,131,1
132,131,1
132,131,1
131,131,0
131,131,0
130,131,-1
130,131,-1
131,131,0
131,131,0
131,131,0
131,131,0
131,131,0
130,131,-1
130,131,-1
130,131,-1
131,131,0
131,131,0
131,131,0
132,131,1
132,131,1
132,131,1
131,131,0
131,131,0
131,131,0
131,131,0
131,131,0
131,131,0
130,131,-1
129,131,-2
129,131,-2
129,131,-2
130,131,-1
130,131,-1
131,131,0
132,131,1
132,131,1
131,131,0
130,131,-1
129,131,-2
130,131,-1
131,131,0
131,131,0
132,131,1
131,131,0
131,131,0
131,131,0
131,131,0
131,131,0
131,131,0
132,131,1
132,131,1
131,131,0
131,131,0
130,131,-1
131,131,0
131,131,0
132,131,1
133,131,2
133,132,1
133,132,1
132,132,0
131,132,-1
130,132,-2
130,132,-2
131,132,-1
132,132,0
133,132,1
133,132,1
132,132,0
132,132,0
131,131,0
131,131,0
131,132,-1
132,132,0
132,132,0
133,132,1
132,132,0
131,132,-1
130,131,-1
130,131,-1
131,131,0
133,131,2
133,132,1
133,132,1
132,132,0
131,131,0
131,131,0
131,132,-1
131,132,-1
131,132,-1
132,132,0
132,132,0
132,132,0
132,132,0
131,132,-1
132,132,0
133,133,0
134,133,1
134,133,1
134,133,1
133,134,-1
133,134,-1
133,134,-1
134,134,0
134,134,0
134,134,0
134,134,0
134,134,0
134,134,0
134,134,0
134,134,0
134,134,0
134,134,0
134,134,0
135,134,1
135,134,1
135,134,1
135,134,1
135,134,1
135,135,0
134,135,-1
135,135,0
135,135,0
135,135,0
134,135,-1
133,135,-2
133,135,-2
134,135,-1
135,135,0
135,135,0
135,135,0
135,134,1
135,134,1
135,134,1
135,135,0
134,135,-1
134,135,-1
134,135,-1
134,134,0
134,134,0
134,134,0
135,134,1
135,134,1
135,134,1
134,134,0
134,134,0
134,134,0
134,134,0
133,134,-1
133,134,-1
133,134,-1
134,134,0
134,134,0
134,134,0
134,134,0
134,134,0
134,134,0
134,134,0
134,134,0
134,134,0
134,134,0
134,134,0
134,134,0
134,134,0
134,134,0
134,134,0
135,134,1
135,134,1
136,134,2
135,134,1
135,134,1
134,134,0
134,134,0
135,134,1
135,134,1
135,134,1
135,134,1
134,134,0
134,134,0
133,134,-1
133,134,-1
132,134,-2
133,134,-1
133,134,-1
134,134,0
134,134,0
133,134,-1
133,134,-1
133,134,-1
134,134,0
135,134,1
135,134,1
134,134,0
134,134,0
134,133,1
134,133,1
134,133,1
133,133,0
133,133,0
133,133,0
133,133,0
133,133,0
133,133,0
132,132,0
132,132,0
132,132,0
132,132,0
132,132,0
132,132,0
132,132,0
132,132,0
132,132,0
132,132,0
133,132,1
133,132,1
133,132,1
133,132,1
132,132,0
132,132,0
132,132,0
132,132,0
132,132,0
133,132,1
133,132,1
133,132,1
132,132,0
131,132,-1
131,132,-1
132,132,0
132,132,0
132,132,0
132,132,0
132,132,0
132,132,0
132,132,0
132,132,0
132,132,0
132,132,0
131,132,-1
131,132,-1
132,132,0
133,132,1
133,132,1
133,132,1
132,132,0
132,132,0
132,132,0
133,132,1
133,132,1
133,132,1
132,132,0
132,132,0
132,132,0
132,132,0
132,132,0
132,132,0
132,132,0
132,132,0
132,132,0
132,132,0
132,132,0
132,132,0
131,132,-1
132,132,0
132,132,0
133,132,1
133,132,1
132,132,0
132,132,0
131,132,-1
131,132,-1
132,132,0
132,132,0
132,132,0
132,132,0
132,132,0
132,132,0
132,132,0
131,132,-1
131,132,-1
131,132,-1
132,132,0
132,132,0
132,132,0
131,132,-1
131,132,-1
132,132,0
132,132,0
131,132,-1
131,132,-1
131,132,-1
131,132,-1
132,132,0
133,132,1
132,132,0
132,132,0
132,132,0
132,132,0
132,132,0
132,132,0
132,132,0
132,132,0
132,132,0
132,132,0
132,132,0
132,132,0
132,132,0
132,132,0
132,132,0
132,132,0
132,132,0
132,132,0
132,132,0
132,132,0
131,132,-1
131,132,-1
131,132,-1
132,132,0
132,132,0
132,132,0
132,132,0
132,132,0
132,132,0
132,132,0
133,132,1
133,132,1
133,132,1
133,132,1
133,132,1
133,132,1
133,132,1
132,132,0
132,132,0
132,132,0
132,132,0
133,132,1
133,132,1
132,132,0
132,132,0
132,132,0
132,132,0
132,132,0
132,132,0
132,132,0
132,132,0
132,132,0
132,132,0
131,131,0
130,131,-1
130,131,-1
131,131,0
131,131,0
131,131,0
130,131,-1
130,130,0
130,130,0
130,130,0
130,130,0
130,130,0
130,130,0
131,130,1
131,130,1
131,130,1
130,130,0
129,130,-1
129,130,-1
130,130,0
130,130,0
130,130,0
130,130,0
129,130,-1
129,130,-1
129,130,-1
129,130,-1
129,130,-1
130,130,0
130,130,0
130,130,0
130,130,0
130,130,0
130,130,0
130,130,0
130,130,0
130,130,0
130,130,0
130,130,0
130,130,0
130,130,0
129,130,-1
129,130,-1
130,130,0
130,130,0
130,130,0
130,130,0
130,130,0
130,130,0
130,130,0
130,130,0
130,130,0
130,130,0
130,130,0
130,130,0
130,130,0
130,130,0
129,130,-1
129,130,-1
129,130,-1
128,130,-2
129,130,-1
130,130,0
131,130,1
131,130,1
130,129,1
129,129,0
129,129,0
130,129,1
130,129,1
130,129,1
130,130,0
129,129,0
129,129,0
129,129,0
129,129,0
129,129,0
129,129,0
129,129,0
130,129,1
130,129,1
129,129,0
129,129,0
129,129,0
128,128,0
128,128,0
128,128,0
128,128,0
128,128,0
128,128,0
128,128,0
127,128,-1
128,128,0
128,128,0
129,128,1
129,128,1
128,128,0
128,128,0
128,128,0
128,128,0
128,128,0
127,128,-1
128,128,0
128,128,0
128,128,0
129,128,1
128,128,0
128,128,0
128,128,0
128,128,0
129,128,1
129,128,1
129,128,1
128,128,0
128,128,0
128,128,0
129,128,1
129,129,0
130,129,1
129,129,0
128,129,-1
128,128,0
128,128,0
128,129,-1
129,129,0
129,129,0
129,129,0
129,129,0
128,129,-1
128,129,-1
128,129,-1
129,129,0
129,129,0
129,129,0
129,129,0
129,129,0
129,129,0
130,130,0
130,130,0
130,130,0
130,130,0
130,130,0
131,130,1
131,130,1
131,130,1
130,130,0
130,130,0
130,130,0
131,130,1
131,131,0
131,131,0
131,131,0
130,130,0
129,130,-1
129,130,-1
130,130,0
131,130,1
131,130,1
131,130,1
130,130,0
130,130,0
130,130,0
130,130,0
130,130,0
130,130,0
131,130,1
131,130,1
130,130,0
129,130,-1
129,130,-1
129,130,-1
129,130,-1
129,130,-1
130,130,0
130,130,0
130,130,0
130,130,0
129,130,-1
129,130,-1
129,130,-1
130,130,0
131,130,1
131,130,1
130,130,0
130,130,0
130,130,0
130,130,0
131,130,1
131,130,1
130,130,0
130,130,0
129,130,-1
129,130,-1
129,130,-1
129,129,0
130,129,1
130,129,1
130,129,1
129,129,0
128,129,-1
128,129,-1
129,129,0
129,129,0
129,129,0
129,129,0
129,129,0
129,129,0
129,128,1
128,128,0
128,128,0
128,129,-1
128,129,-1
128,129,-1
129,129,0
128,129,-1
128,129,-1
128,129,-1
128,129,-1
129,129,0
129,129,0
130,129,1
130,129,1
130,129,1
129,129,0
129,129,0
129,129,0
129,129,0
129,129,0
130,129,1
130,129,1
130,129,1
130,129,1
129,129,0
128,129,-1
128,129,-1
128,129,-1
129,129,0
129,129,0
129,129,0
129,129,0
129,129,0
129,129,0
129,129,0
129,129,0
129,129,0
129,129,0
129,129,0
129,129,0
128,129,-1
127,129,-2
127,129,-2
128,129,-1
128,129,-1
129,129,0
129,129,0
129,129,0
129,129,0
128,129,-1
128,129,-1
128,129,-1
129,129,0
130,129,1
130,129,1
129,129,0
129,129,0
129,129,0
129,129,0
129,129,0
129,129,0
129,129,0
129,129,0
129,129,0
129,129,0
129,129,0
129,129,0
129,129,0
129,129,0
129,129,0
130,129,1
130,129,1
130,129,1
130,129,1
129,129,0
129,129,0
129,129,0
129,129,0
130,129,1
130,129,1
130,129,1
129,129,0
128,129,-1
128,129,-1
128,129,-1
129,129,0
129,129,0
129,129,0
128,128,0
128,128,0
128,128,0
128,128,0
128,128,0
128,128,0
129,128,1
129,128,1
129,128,1
128,128,0
128,128,0
128,128,0
128,128,0
128,128,0
128,128,0
128,128,0
128,128,0
128,128,0
128,128,0
128,128,0
128,128,0
128,128,0
128,128,0
128,128,0
128,128,0
128,128,0
127,127,0
127,127,0
127,127,0
127,127,0
127,127,0
127,127,0
127,127,0
127,127,0
127,127,0
127,127,0
127,127,0
127,127,0
127,127,0
127,127,0
127,127,0
127,127,0
127,127,0
127,127,0
127,127,0
127,127,0
128,127,1
128,127,1
127,127,0
127,127,0
127,127,0
128,127,1
128,127,1
128,127,1
127,127,0
127,127,0
127,127,0
127,127,0
127,127,0
127,127,0
127,127,0
127,127,0
127,127,0
127,127,0
127,127,0
127,127,0
128,127,1
128,128,0
128,128,0
128,128,0
128,128,0
129,128,1
128,128,0
128,128,0
127,128,-1
128,128,0
128,128,0
128,128,0
127,128,-1
127,128,-1
127,128,-1
127,128,-1
128,128,0
128,128,0
128,128,0
128,128,0
128,128,0
128,128,0
128,128,0
128,128,0
127,128,-1
128,128,0
128,128,0
129,128,1
130,128,2
129,128,1
128,128,0
128,128,0
128,128,0
128,128,0
128,128,0
128,128,0
128,128,0
128,128,0
128,128,0
128,128,0
128,128,0
127,128,-1
128,128,0
128,128,0
127,128,-1
127,128,-1
127,128,-1
127,127,0
127,127,0
128,127,1
128,127,1
128,127,1
128,127,1
127,127,0
127,127,0
127,127,0
126,127,-1
125,127,-2
125,127,-2
126,127,-1
127,127,0
128,127,1
127,127,0
127,127,0
127,127,0
127,127,0
127,127,0
127,127,0
127,127,0
127,127,0
127,127,0
127,127,0
127,127,0
126,127,-1
126,127,-1
127,127,0
127,127,0
128,127,1
128,127,1
127,127,0
127,127,0
126,127,-1
126,127,-1
127,127,0
127,127,0
127,127,0
127,127,0
127,127,0
127,127,0
126,127,-1
127,127,0
127,127,0
127,127,0
127,127,0
128,127,1
128,127,1
128,128,0
128,128,0
127,128,-1
127,128,-1
128,128,0
128,128,0
128,128,0
128,128,0
128,128,0
128,128,0
128,128,0
129,128,1
129,128,1
129,128,1
129,128,1
128,129,-1
129,129,0
129,129,0
129,129,0
129,129,0
128,129,-1
127,129,-2
128,129,-1
129,129,0
130,129,1
129,129,0
129,129,0
128,129,-1
129,129,0
130,129,1
130,129,1
129,129,0
129,129,0
129,129,0
129,129,0
129,129,0
129,129,0
129,129,0
128,129,-1
128,129,-1
128,128,0
129,128,1
129,128,1
128,128,0
128,128,0
128,128,0
128,128,0
128,128,0
127,128,-1
127,128,-1
128,128,0
128,128,0
128,128,0
127,127,0
127,127,0
127,127,0
127,127,0
127,127,0
127,127,0
128,127,1
128,127,1
127,127,0
127,127,0
126,127,-1
126,127,-1
126,126,0
126,126,0
126,126,0
127,126,1
127,126,1
126,126,0
125,126,-1
125,126,-1
126,126,0
126,126,0
126,126,0
126,126,0
125,126,-1
124,125,-1
124,125,-1
124,125,-1
125,125,0
126,125,1
126,125,1
126,125,1
125,125,0
125,125,0
124,125,-1
125,125,0
125,125,0
125,125,0
125,125,0
125,125,0
125,125,0
125,125,0
125,125,0
126,125,1
126,125,1
126,125,1
125,125,0
125,125,0
125,125,0
125,125,0
125,125,0
124,125,-1
124,125,-1
124,125,-1
125,125,0
125,125,0
125,125,0
124,125,-1
124,124,0
124,124,0
124,124,0
124,124,0
125,124,1
125,125,0
125,124,1
125,124,1
124,124,0
123,124,-1
123,124,-1
124,124,0
125,124,1
125,124,1
125,124,1
124,124,0
124,124,0
124,124,0
124,124,0
124,124,0
124,124,0
124,124,0
125,124,1
125,124,1
125,124,1
124,124,0
123,124,-1
123,124,-1
124,124,0
125,124,1
125,125,0
125,125,0
124,125,-1
124,124,0
124,124,0
124,124,0
125,125,0
125,125,0
125,125,0
125,125,0
125,125,0
124,124,0
124,124,0
124,125,-1
125,125,0
126,125,1
126,125,1
125,125,0
123,124,-1
123,124,-1
123,124,-1
124,124,0
125,124,1
125,124,1
125,124,1
124,124,0
124,124,0
124,124,0
124,124,0
124,124,0
124,124,0
125,124,1
125,124,1
124,124,0
124,124,0
124,124,0
124,124,0
125,124,1
125,124,1
125,124,1
125,124,1
124,124,0
123,124,-1
123,124,-1
124,124,0
125,124,1
124,124,0
124,124,0
123,124,-1
124,124,0
124,124,0
124,123,1
123,123,0
123,123,0
123,123,0
123,123,0
124,123,1
124,123,1
123,123,0
123,123,0
123,123,0
123,123,0
123,123,0
123,123,0
123,123,0
123,123,0
123,123,0
123,123,0
123,123,0
123,123,0
123,123,0
122,123,-1
122,123,-1
122,123,-1
123,122,1
123,122,1
123,122,1
122,122,0
122,122,0
121,122,-1
121,122,-1
121,122,-1
122,122,0
122,122,0
122,122,0
122,122,0
122,122,0
122,122,0
123,123,0
123,123,0
123,123,0
123,123,0
124,123,1
124,123,1
124,123,1
123,123,0
123,123,0
123,123,0
123,123,0
123,123,0
123,123,0
123,123,0
123,123,0
123,123,0
123,123,0
123,123,0
122,123,-1
122,123,-1
123,123,0
123,123,0
123,123,0
123,123,0
123,123,0
122,123,-1
122,123,-1
122,123,-1
123,123,0
124,123,1
124,123,1
124,123,1
123,123,0
122,123,-1
122,123,-1
123,123,0
123,123,0
124,123,1
123,123,0
123,123,0
122,123,-1
122,123,-1
122,123,-1
122,123,-1
122,123,-1
123,123,0
124,123,1
124,123,1
124,123,1
123,123,0
122,123,-1
122,123,-1
122,123,-1
123,123,0
124,123,1
124,123,1
123,123,0
123,123,0
123,123,0
123,123,0
123,123,0
123,123,0
123,123,0
123,123,0
123,123,0
122,123,-1
122,123,-1
123,123,0
123,123,0
124,123,1
124,123,1
124,123,1
124,123,1
123,123,0
123,123,0
123,123,0
123,124,-1
124,124,0
124,124,0
124,124,0
124,123,1
124,123,1
123,123,0
123,123,0
123,123,0
124,123,1
124,123,1
123,123,0
123,123,0
123,123,0
123,123,0
124,123,1
124,123,1
123,123,0
123,123,0
123,123,0
123,123,0
123,123,0
122,122,0
121,122,-1
121,122,-1
121,121,0
122,121,1
122,121,1
121,121,0
121,121,0
121,121,0
120,121,-1
120,121,-1
120,120,0
120,120,0
120,120,0
121,120,1
121,120,1
120,120,0
120,120,0
120,120,0
120,120,0
120,120,0
120,120,0
120,120,0
121,120,1
120,120,0
120,120,0
119,120,-1
120,120,0
120,120,0
121,120,1
121,121,0
122,121,1
121,121,0
121,121,0
121,121,0
121,121,0
120,121,-1
120,121,-1
121,121,0
121,121,0
121,121,0
121,121,0
121,121,0
122,121,1
122,121,1
122,121,1
121,121,0
122,121,1
122,121,1
121,121,0
121,121,0
121,122,-1
121,122,-1
122,121,1
122,121,1
122,121,1
121,121,0
121,121,0
121,121,0
122,121,1
122,121,1
121,121,0
121,121,0
120,121,-1
120,121,-1
120,121,-1
120,121,-1
120,121,-1
121,121,0
121,121,0
121,121,0
121,121,0
121,121,0
121,121,0
121,121,0
121,121,0
121,121,0
121,121,0
121,121,0
121,121,0
120,121,-1
120,121,-1
120,121,-1
120,121,-1
120,120,0
120,120,0
121,120,1
121,120,1
121,120,1
120,120,0
120,120,0
120,120,0
121,120,1
120,120,0
120,120,0
119,120,-1
120,120,0
120,120,0
120,120,0
120,120,0
120,120,0
120,120,0
120,120,0
119,120,-1
119,120,-1
119,120,-1
119,120,-1
120,119,1
120,119,1
120,119,1
120,119,1
119,119,0
119,119,0
119,119,0
119,119,0
119,119,0
119,119,0
119,119,0
119,119,0
118,118,0
118,118,0
118,118,0
118,118,0
118,118,0
118,118,0
118,118,0
118,118,0
118,118,0
118,118,0
117,118,-1
117,118,-1
117,118,-1
117,118,-1
118,118,0
118,118,0
118,118,0
118,118,0
118,118,0
117,118,-1
118,118,0
118,118,0
119,118,1
119,118,1
119,118,1
118,118,0
117,118,-1
117,118,-1
118,119,-1
119,119,0
119,119,0
119,119,0
119,119,0
119,119,0
118,119,-1
118,119,-1
119,119,0
119,119,0
119,119,0
120,119,1
120,119,1
119,119,0
118,119,-1
118,118,0
118,118,0
119,118,1
119,118,1
119,118,1
118,118,0
118,118,0
118,118,0
117,118,-1
117,118,-1
117,118,-1
118,118,0
119,118,1
119,118,1
118,118,0
117,118,-1
117,118,-1
117,118,-1
118,118,0
119,118,1
119,118,1
119,119,0
118,118,0
118,118,0
118,118,0
118,118,0
119,118,1
119,119,0
119,119,0
119,119,0
119,119,0
118,119,-1
118,119,-1
118,119,-1
118,119,-1
119,119,0
120,119,1
120,119,1
119,119,0
119,119,0
118,119,-1
118,119,-1
119,119,0
119,119,0
119,119,0
120,119,1
119,119,0
118,119,-1
118,119,-1
118,119,-1
119,119,0
120,119,1
120,119,1
120,119,1
119,119,0
118,119,-1
119,119,0
119,119,0
120,119,1
120,119,1
119,119,0
119,119,0
119,119,0
118,119,-1
118,119,-1
119,119,0
119,119,0
119,119,0
119,119,0
119,119,0
119,119,0
119,119,0
119,119,0
119,119,0
120,119,1
120,119,1
119,119,0
119,119,0
119,119,0
119,119,0
119,119,0
119,119,0
119,119,0
119,119,0
120,119,1
120,119,1
120,120,0
119,120,-1
119,120,-1
120,120,0
120,120,0
120,120,0
120,120,0
120,120,0
120,120,0
120,120,0
120,120,0
121,120,1
122,120,2
122,120,2
121,120,1
120,121,-1
119,121,-2
120,121,-1
120,121,-1
121,121,0
121,121,0
121,121,0
121,121,0
121,120,1
121,120,1
120,120,0
120,120,0
121,120,1
121,120,1
120,120,0
120,120,0
119,120,-1
119,120,-1
120,120,0
120,120,0
120,120,0
120,119,1
120,119,1
119,119,0
119,119,0
118,119,-1
118,119,-1
119,118,1
119,118,1
118,118,0
117,118,-1
116,118,-2
117,118,-1
117,118,-1
117,118,-1
118,117,1
118,117,1
119,117,2
118,117,1
118,117,1
116,117,-1
116,117,-1
116,117,-1
117,117,0
117,117,0
117,117,0
117,116,1
117,116,1
116,116,0
116,116,0
115,116,-1
115,116,-1
116,116,0
117,116,1
116,116,0
116,116,0
115,116,-1
115,115,0
115,115,0
116,115,1
116,115,1
116,115,1
115,115,0
115,115,0
115,115,0
114,115,-1
114,115,-1
114,115,-1
115,115,0
116,115,1
116,115,1
116,115,1
115,115,0
114,115,-1
114,115,-1
115,115,0
115,115,0
115,115,0
115,115,0
115,115,0
115,115,0
114,115,-1
114,115,-1
115,115,0
115,115,0
116,115,1
115,115,0
115,115,0
114,115,-1
114,115,-1
114,115,-1
115,115,0
116,115,1
116,115,1
116,116,0
116,116,0
116,116,0
115,116,-1
115,116,-1
115,116,-1
116,116,0
116,116,0
116,116,0
116,116,0
116,116,0
116,116,0
116,116,0
116,116,0
116,116,0
116,116,0
116,116,0
116,116,0
116,116,0
116,116,0
116,116,0
116,116,0
116,116,0
116,116,0
116,116,0
116,116,0
116,116,0
115,116,-1
115,116,-1
116,116,0
116,116,0
116,116,0
116,116,0
116,116,0
116,116,0
116,116,0
115,116,-1
115,116,-1
115,116,-1
116,115,1
116,115,1
116,115,1
115,115,0
114,115,-1
115,115,0
115,115,0
115,115,0
115,115,0
115,115,0
115,115,0
115,115,0
114,115,-1
113,115,-2
114,115,-1
115,115,0
115,115,0
115,115,0
114,114,0
113,114,-1
113,114,-1
114,114,0
115,114,1
115,114,1
115,114,1
114,114,0
113,114,-1
113,114,-1
113,114,-1
114,114,0
114,114,0
114,114,0
114,114,0
114,114,0
113,114,-1
113,114,-1
113,114,-1
114,114,0
115,114,1
115,114,1
115,114,1
114,114,0
114,114,0
113,114,-1
113,114,-1
114,114,0
115,114,1
115,114,1
115,114,1
115,114,1
114,114,0
114,114,0
114,114,0
114,114,0
114,115,-1
115,115,0
115,115,0
115,115,0
114,115,-1
114,115,-1
114,115,-1
115,115,0
115,115,0
116,115,1
115,115,0
115,115,0
115,115,0
115,115,0
115,115,0
115,115,0
115,115,0
116,115,1
116,115,1
116,115,1
115,116,-1
115,116,-1
115,116,-1
116,116,0
116,116,0
116,116,0
116,116,0
116,116,0
116,116,0
116,116,0
116,116,0
117,117,0
117,117,0
118,118,0
119,119,0
119,119,0
119,119,0
119,119,0
119,119,0
119,119,0
119,119,0
119,119,0
119,119,0
119,119,0
119,119,0
119,119,0
119,119,0
119,119,0
119,119,0
120,119,1
120,119,1
119,119,0
118,119,-1
117,119,-2
117,118,-1
117,118,-1
118,118,0
119,118,1
119,118,1
118,118,0
118,118,0
118,118,0
118,118,0
118,118,0
118,118,0
118,118,0
118,118,0
119,118,1
119,118,1
118,118,0
117,117,0
117,117,0
117,117,0
117,117,0
117,117,0
116,116,0
116,116,0
115,115,0
114,114,0
114,114,0
114,114,0
114,114,0
114,114,0
114,114,0
114,114,0
114,114,0
114,114,0
114,114,0
114,114,0
114,114,0
114,114,0
115,114,1
115,114,1
115,115,0
115,115,0
114,115,-1
114,115,-1
115,115,0
115,115,0
115,115,0
115,115,0
115,115,0
115,115,0
115,115,0
114,115,-1
114,115,-1
114,115,-1
114,115,-1
115,115,0
115,114,1
115,114,1
114,114,0
114,114,0
114,114,0
115,114,1
115,114,1
114,114,0
114,114,0
114,114,0
115,114,1
115,114,1
115,114,1
114,114,0
114,114,0
114,114,0
114,114,0
113,114,-1
114,114,0
114,114,0
114,114,0
114,114,0
114,114,0
114,114,0
114,114,0
114,114,0
114,114,0
114,114,0
114,114,0
113,114,-1
113,114,-1
113,114,-1
114,114,0
114,114,0
114,114,0
114,113,1
114,113,1
114,113,1
113,113,0
113,113,0
113,113,0
113,113,0
113,113,0
113,113,0
113,113,0
112,113,-1
113,113,0
113,113,0
113,112,1
112,112,0
111,112,-1
111,112,-1
111,111,0
112,111,1
112,111,1
111,111,0
111,111,0
111,111,0
111,111,0
111,111,0
111,111,0
110,111,-1
110,111,-1
110,111,-1
111,111,0
112,111,1
112,111,1
112,111,1
112,111,1
113,111,2
112,111,1
112,111,1
111,112,-1
111,112,-1
111,112,-1
111,112,-1
111,112,-1
112,112,0
111,112,-1
111,112,-1
112,112,0
112,112,0
112,112,0
112,112,0
111,112,-1
111,112,-1
112,112,0
112,112,0
112,112,0
112,112,0
112,112,0
112,112,0
112,112,0
112,112,0
112,112,0
112,112,0
113,112,1
112,112,0
112,112,0
113,113,0
113,113,0
114,113,1
113,113,0
113,113,0
112,113,-1
113,113,0
113,113,0
113,113,0
114,113,1
114,113,1
115,113,2
114,113,1
113,113,0
113,113,0
112,113,-1
112,113,-1
112,113,-1
113,113,0
114,113,1
114,113,1
114,113,1
113,113,0
112,112,0
112,112,0
112,112,0
112,113,-1
112,113,-1
113,113,0
113,113,0
113,113,0
112,113,-1
112,113,-1
112,113,-1
114,113,1
116,113,3
116,113,3
114,113,1
113,113,0
113,113,0
114,113,1
114,113,1
114,113,1
113,113,0
113,113,0
113,113,0
113,113,0
113,113,0
112,113,-1
112,113,-1
113,113,0
114,113,1
114,113,1
113,113,0
113,113,0
113,113,0
114,114,0
114,114,0
115,114,1
115,114,1
115,114,1
114,114,0
113,114,-1
113,114,-1
114,114,0
114,114,0
114,114,0
114,114,0
114,114,0
115,114,1
115,114,1
115,114,1
114,114,0
114,114,0
114,114,0
114,114,0
113,114,-1
113,114,-1
113,114,-1
113,113,0
113,113,0
113,113,0
113,113,0
114,113,1
114,113,1
114,113,1
113,113,0
112,113,-1
112,113,-1
112,113,-1
112,113,-1
113,113,0
113,113,0
113,113,0
114,113,1
114,113,1
114,113,1
113,113,0
113,113,0
112,113,-1
112,113,-1
112,113,-1
112,113,-1
113,113,0
113,113,0
113,113,0
113,113,0
113,113,0
113,113,0
112,113,-1
112,113,-1
113,113,0
113,113,0
113,113,0
113,113,0
113,113,0
113,113,0
113,113,0
113,113,0
113,113,0
112,113,-1
113,113,0
113,113,0
112,113,-1
112,113,-1
112,113,-1
113,113,0
113,113,0
113,113,0
113,113,0
113,113,0
113,113,0
113,113,0
112,113,-1
111,113,-2
112,113,-1
113,113,0
114,113,1
114,113,1
113,114,-1
113,114,-1
114,114,0
114,114,0
114,114,0
114,114,0
115,114,1
116,115,1
116,115,1
115,115,0
114,116,-2
115,116,-1
116,116,0
116,116,0
116,116,0
116,116,0
116,116,0
116,116,0
116,116,0
116,116,0
116,116,0
117,117,0
118,117,1
118,117,1
117,117,0
117,117,0
117,117,0
117,117,0
117,118,-1
118,118,0
118,118,0
119,118,1
118,118,0
118,118,0
117,118,-1
118,118,0
119,118,1
119,119,0
119,119,0
119,119,0
120,119,1
120,119,1
119,119,0
118,119,-1
118,119,-1
119,119,0
120,119,1
119,119,0
118,119,-1
118,119,-1
119,119,0
119,119,0
119,119,0
119,119,0
120,119,1
121,119,2
120,119,1
118,119,-1
118,119,-1
120,119,1
121,119,2
120,120,0
119,120,-1
119,120,-1
121,119,2
121,119,2
119,119,0
117,119,-2
118,119,-1
121,119,2
121,119,2
119,119,0
117,119,-2
119,119,0
122,119,3
121,119,2
117,118,-1
116,118,-2
123,117,6
130,117,13
124,116,8
98,98,0
63,63,0
38,44,-6
32,42,-10
38,42,-4
44,40,4
42,40,2
38,40,-2
37,40,-3
40,40,0
42,40,2
40,40,0
38,40,-2
39,40,-1
40,40,0
41,40,1
40,40,0
39,40,-1
39,40,-1
40,40,0
40,40,0
39,40,-1
39,40,-1
40,40,0
40,40,0
40,40,0
39,40,-1
39,40,-1
40,40,0
40,40,0
40,40,0
39,40,-1
39,40,-1
40,40,0
40,40,0
40,40,0
39,40,-1
40,40,0
40,40,0
40,40,0
39,40,-1
39,40,-1
40,40,0
40,40,0
40,40,0
39,40,-1
39,40,-1
40,40,0
40,40,0
40,40,0
39,40,-1
40,40,0
40,40,0
40,40,0
39,40,-1
39,40,-1
40,40,0
40,40,0
40,40,0
39,40,-1
39,40,-1
40,40,0
40,40,0
40,40,0
39,40,-1
40,40,0
40,40,0
40,40,0
39,40,-1
39,40,-1
40,40,0
40,40,0
40,40,0
39,40,-1
39,40,-1
40,40,0
40,40,0
40,40,0
39,40,-1
39,40,-1
40,40,0
40,40,0
39,40,-1
39,40,-1
40,40,0
41,40,1
40,40,0
39,40,-1
38,40,-2
40,40,0
42,40,2
40,40,0
37,40,-3
38,40,-2
42,40,2
44,40,4
38,42,-4
32,42,-10
38,44,-6
63,63,0