VALUE,MEDIAN,DIFF
92,92,0
115,108,7
119,109,10
113,110,3
109,110,-1
110,110,0
114,111,3
113,112,1
110,112,-2
108,112,-4
110,112,-2
113,112,1
113,112,1
112,112,0
111,112,-1
112,112,0
113,112,1
112,111,1
110,111,-1
110,111,-1
112,111,1
113,111,2
112,111,1
111,111,0
110,111,-1
110,110,0
110,110,0
110,110,0
110,110,0
111,110,1
112,110,2
111,110,1
109,110,-1
109,110,-1
109,110,-1
111,110,1
110,110,0
109,111,-2
109,111,-2
109,111,-2
110,111,-1
111,111,0
111,111,0
112,111,1
113,111,2
113,110,3
112,110,2
112,110,2
112,110,2
111,110,1
110,110,0
109,110,-1
108,110,-2
108,109,-1
108,109,-1
108,109,-1
108,109,-1
109,109,0
110,109,1
110,109,1
109,109,0
108,109,-1
109,109,0
110,109,1
110,109,1
110,109,1
109,109,0
108,109,-1
109,109,0
109,109,0
109,109,0
109,109,0
109,109,0
110,109,1
110,109,1
109,109,0
108,109,-1
108,109,-1
109,109,0
109,109,0
109,109,0
110,109,1
110,109,1
109,109,0
108,109,-1
108,109,-1
109,109,0
110,109,1
110,109,1
110,109,1
109,109,0
109,109,0
109,109,0
109,109,0
109,109,0
109,109,0
109,109,0
109,109,0
108,109,-1
107,108,-1
107,108,-1
108,108,0
108,108,0
109,108,1
108,108,0
108,108,0
107,108,-1
106,108,-2
106,108,-2
106,108,-2
107,108,-1
108,108,0
108,108,0
108,108,0
108,108,0
108,108,0
108,108,0
108,108,0
108,108,0
108,108,0
108,108,0
108,108,0
107,108,-1
106,108,-2
106,107,-1
106,107,-1
107,107,0
107,107,0
107,107,0
108,106,2
108,106,2
107,106,1
106,106,0
105,106,-1
105,106,-1
105,106,-1
105,106,-1
106,106,0
106,106,0
107,106,1
107,106,1
106,106,0
106,106,0
106,106,0
107,106,1
107,106,1
106,106,0
105,106,-1
105,106,-1
105,106,-1
105,106,-1
105,106,-1
105,106,-1
106,105,1
106,105,1
106,105,1
105,105,0
105,105,0
105,105,0
106,105,1
106,105,1
106,105,1
105,105,0
105,105,0
105,105,0
105,105,0
104,105,-1
104,105,-1
105,105,0
106,105,1
106,105,1
105,105,0
105,104,1
104,104,0
103,104,-1
102,104,-2
103,104,-1
104,104,0
105,104,1
104,104,0
103,104,-1
102,104,-2
101,103,-2
102,103,-1
103,103,0
104,104,0
104,104,0
104,103,1
104,103,1
104,103,1
103,103,0
102,103,-1
103,103,0
104,103,1
104,103,1
103,103,0
102,103,-1
102,103,-1
101,102,-1
101,102,-1
101,102,-1
102,102,0
103,102,1
103,102,1
103,102,1
102,102,0
101,102,-1
102,102,0
102,102,0
102,102,0
101,102,-1
101,102,-1
101,102,-1
102,102,0
102,102,0
102,102,0
101,102,-1
101,101,0
101,101,0
101,101,0
101,101,0
102,101,1
103,101,2
104,101,3
102,101,1
101,101,0
100,101,-1
101,101,0
101,101,0
101,101,0
100,101,-1
100,101,-1
101,101,0
102,101,1
102,101,1
101,101,0
100,101,-1
101,101,0
101,101,0
101,101,0
101,101,0
100,101,-1
100,101,-1
100,101,-1
101,101,0
101,101,0
101,101,0
101,101,0
101,101,0
101,101,0
102,100,2
102,100,2
101,100,1
100,101,-1
100,101,-1
100,101,-1
100,101,-1
100,101,-1
100,101,-1
100,101,-1
100,101,-1
100,101,-1
101,100,1
102,101,1
102,101,1
102,101,1
102,101,1
102,101,1
102,101,1
101,101,0
101,101,0
100,101,-1
101,101,0
101,101,0
101,101,0
100,101,-1
100,101,-1
100,101,-1
100,101,-1
101,101,0
101,101,0
101,101,0
101,101,0
101,101,0
101,101,0
101,101,0
100,101,-1
100,101,-1
101,101,0
102,101,1
102,101,1
101,101,0
101,101,0
101,101,0
101,101,0
101,101,0
101,101,0
100,101,-1
101,101,0
101,101,0
101,101,0
101,101,0
101,101,0
101,101,0
102,101,1
102,101,1
101,101,0
100,101,-1
100,101,-1
100,101,-1
100,101,-1
101,101,0
102,101,1
102,102,0
102,102,0
102,101,1
101,101,0
101,101,0
101,101,0
102,101,1
102,101,1
102,101,1
102,101,1
102,101,1
101,101,0
101,101,0
101,101,0
101,102,-1
101,102,-1
101,102,-1
101,102,-1
102,102,0
102,102,0
101,102,-1
102,102,0
102,102,0
102,102,0
102,102,0
102,102,0
102,102,0
102,102,0
102,102,0
101,102,-1
102,102,0
102,102,0
103,102,1
103,102,1
102,102,0
101,101,0
101,101,0
100,101,-1
100,101,-1
100,101,-1
101,101,0
102,101,1
101,101,0
101,101,0
101,101,0
101,101,0
102,101,1
102,101,1
102,102,0
102,102,0
102,102,0
102,102,0
102,102,0
101,102,-1
100,102,-2
101,102,-1
102,102,0
102,102,0
102,102,0
102,102,0
101,101,0
101,101,0
101,101,0
101,101,0
101,101,0
101,101,0
102,101,1
102,101,1
102,101,1
100,100,0
100,100,0
99,99,0
99,99,0
99,99,0
99,99,0
99,99,0
99,99,0
99,99,0
99,99,0
99,99,0
99,99,0
100,99,1
100,99,1
101,99,2
101,100,1
101,100,1
100,100,0
99,100,-1
99,101,-2
99,101,-2
100,101,-1
101,101,0
101,101,0
101,100,1
101,100,1
101,100,1
101,100,1
101,100,1
100,100,0
99,100,-1
100,100,0
100,100,0
100,100,0
100,100,0
100,100,0
100,100,0
100,100,0
100,100,0
100,100,0
99,100,-1
99,100,-1
100,100,0
100,100,0
100,100,0
100,100,0
100,100,0
100,100,0
101,100,1
101,100,1
101,100,1
101,100,1
101,100,1
101,100,1
101,100,1
100,100,0
99,100,-1
99,100,-1
100,100,0
100,100,0
101,100,1
101,100,1
100,100,0
100,100,0
99,100,-1
99,100,-1
99,100,-1
99,100,-1
99,100,-1
99,100,-1
99,100,-1
100,100,0
100,100,0
101,100,1
100,100,0
100,100,0
100,100,0
100,100,0
101,100,1
101,100,1
100,100,0
100,100,0
99,99,0
99,99,0
99,99,0
99,99,0
99,99,0
99,99,0
99,99,0
99,99,0
99,99,0
99,99,0
100,100,0
100,100,0
100,100,0
100,100,0
101,100,1
101,100,1
102,100,2
101,100,1
100,100,0
100,100,0
100,100,0
100,100,0
100,100,0
100,100,0
99,100,-1
99,100,-1
100,100,0
100,100,0
100,100,0
101,100,1
101,100,1
101,100,1
100,100,0
100,100,0
100,100,0
100,100,0
100,100,0
100,100,0
100,100,0
100,100,0
101,100,1
101,100,1
101,100,1
101,100,1
100,100,0
99,100,-1
99,100,-1
99,100,-1
99,100,-1
100,100,0
100,100,0
99,100,-1
99,100,-1
99,100,-1
100,100,0
101,100,1
101,100,1
100,100,0
100,100,0
100,100,0
100,100,0
100,100,0
100,100,0
100,100,0
100,101,-1
100,101,-1
101,101,0
101,101,0
101,101,0
101,101,0
101,101,0
101,101,0
102,101,1
103,101,2
103,101,2
103,102,1
101,102,-1
101,102,-1
101,102,-1
102,102,0
102,102,0
103,102,1
102,102,0
102,102,0
102,102,0
103,102,1
104,102,2
103,102,1
103,102,1
102,102,0
102,102,0
102,102,0
102,102,0
102,102,0
102,102,0
101,102,-1
101,102,-1
102,102,0
102,102,0
103,102,1
103,102,1
103,102,1
103,103,0
102,103,-1
101,103,-2
102,103,-1
103,103,0
103,103,0
104,104,0
104,104,0
104,104,0
104,104,0
104,104,0
104,104,0
104,104,0
104,104,0
104,104,0
104,104,0
103,104,-1
103,104,-1
103,104,-1
104,104,0
104,104,0
104,104,0
104,104,0
104,103,1
104,103,1
104,103,1
103,103,0
102,103,-1
102,103,-1
103,103,0
103,103,0
103,103,0
103,103,0
103,103,0
103,103,0
103,103,0
103,103,0
104,103,1
105,103,2
105,103,2
104,103,1
103,103,0
103,103,0
103,103,0
103,103,0
103,103,0
103,103,0
103,103,0
103,103,0
103,103,0
103,103,0
103,103,0
103,103,0
104,104,0
105,104,1
105,104,1
104,104,0
104,104,0
104,104,0
105,104,1
105,104,1
104,104,0
104,104,0
103,104,-1
104,104,0
105,104,1
105,104,1
105,104,1
104,103,1
103,103,0
103,103,0
103,103,0
103,103,0
103,104,-1
103,104,-1
103,104,-1
103,104,-1
103,104,-1
104,104,0
104,104,0
105,104,1
105,104,1
105,104,1
105,104,1
104,104,0
104,104,0
104,104,0
104,104,0
104,104,0
104,104,0
104,104,0
104,104,0
103,104,-1
103,104,-1
104,104,0
104,104,0
104,104,0
104,104,0
105,104,1
106,104,2
106,105,1
106,105,1
105,105,0
104,105,-1
104,105,-1
105,105,0
106,105,1
105,105,0
105,105,0
105,105,0
106,105,1
106,105,1
106,105,1
105,105,0
105,105,0
105,105,0
105,105,0
105,105,0
105,105,0
104,105,-1
104,105,-1
104,105,-1
104,105,-1
104,105,-1
105,105,0
105,105,0
105,105,0
105,105,0
104,105,-1
105,105,0
106,105,1
107,105,2
106,105,1
105,105,0
105,105,0
105,105,0
105,105,0
105,105,0
104,105,-1
105,105,0
105,105,0
106,105,1
105,105,0
105,105,0
104,105,-1
105,105,0
105,105,0
106,105,1
106,106,0
107,106,1
107,106,1
106,105,1
105,106,-1
105,106,-1
106,106,0
106,106,0
106,106,0
106,106,0
105,106,-1
105,106,-1
105,106,-1
106,106,0
107,107,0
108,107,1
108,107,1
108,107,1
108,107,1
108,108,0
108,108,0
108,108,0
108,108,0
108,108,0
107,108,-1
107,107,0
107,107,0
107,107,0
108,107,1
107,107,0
107,107,0
107,107,0
106,107,-1
106,107,-1
107,107,0
107,107,0
107,107,0
106,107,-1
106,107,-1
106,107,-1
106,107,-1
107,107,0
107,107,0
108,107,1
108,107,1
107,107,0
106,107,-1
106,107,-1
106,107,-1
107,107,0
107,107,0
107,107,0
107,107,0
107,107,0
108,107,1
108,107,1
107,107,0
107,107,0
107,107,0
106,107,-1
106,107,-1
106,107,-1
107,107,0
107,107,0
107,107,0
107,107,0
108,107,1
108,107,1
108,107,1
108,107,1
107,107,0
107,107,0
108,107,1
108,107,1
107,107,0
107,107,0
107,107,0
107,107,0
107,107,0
106,107,-1
106,107,-1
106,107,-1
107,107,0
107,107,0
107,107,0
107,107,0
108,107,1
108,107,1
108,107,1
107,107,0
107,107,0
108,107,1
108,107,1
108,107,1
107,107,0
106,106,0
106,106,0
106,106,0
106,106,0
106,106,0
106,106,0
106,106,0
106,106,0
106,106,0
106,106,0
107,107,0
108,107,1
108,107,1
108,107,1
107,108,-1
108,108,0
108,108,0
109,108,1
109,108,1
108,108,0
107,108,-1
107,108,-1
108,108,0
108,108,0
108,108,0
108,108,0
108,108,0
108,108,0
108,108,0
108,108,0
108,108,0
109,109,0
109,109,0
109,109,0
109,109,0
109,109,0
109,109,0
110,109,1
110,109,1
111,109,2
111,109,2
110,109,1
109,109,0
108,109,-1
108,109,-1
108,109,-1
108,109,-1
109,109,0
110,109,1
110,109,1
110,109,1
109,109,0
109,109,0
109,109,0
109,109,0
110,109,1
109,109,0
108,110,-2
108,110,-2
108,109,-1
109,109,0
110,109,1
110,109,1
110,110,0
111,110,1
111,110,1
111,110,1
110,110,0
109,110,-1
109,110,-1
109,110,-1
110,110,0
110,110,0
110,110,0
110,110,0
110,110,0
110,110,0
110,110,0
110,110,0
110,110,0
110,110,0
110,110,0
110,110,0
109,110,-1
109,110,-1
109,110,-1
110,110,0
110,110,0
111,110,1
110,110,0
110,110,0
110,110,0
110,109,1
110,109,1
110,109,1
109,109,0
108,109,-1
108,109,-1
108,109,-1
109,109,0
109,109,0
109,109,0
109,109,0
109,109,0
109,109,0
109,109,0
108,109,-1
108,109,-1
108,109,-1
108,109,-1
109,109,0
109,109,0
109,109,0
109,109,0
109,109,0
110,109,1
109,109,0
109,109,0
109,109,0
110,109,1
110,109,1
110,109,1
109,109,0
109,109,0
109,109,0
109,109,0
108,109,-1
108,109,-1
108,109,-1
108,109,-1
109,109,0
109,109,0
109,109,0
109,109,0
109,109,0
109,109,0
110,110,0
110,110,0
110,110,0
110,110,0
110,110,0
110,110,0
110,110,0
111,110,1
111,110,1
111,110,1
111,110,1
111,110,1
110,110,0
110,110,0
110,110,0
111,110,1
111,110,1
110,110,0
110,110,0
110,110,0
109,110,-1
109,110,-1
109,110,-1
109,110,-1
109,110,-1
110,110,0
110,109,1
110,109,1
109,109,0
110,109,1
110,109,1
110,110,0
109,110,-1
109,110,-1
109,110,-1
109,110,-1
109,110,-1
110,110,0
110,110,0
110,110,0
110,110,0
110,110,0
110,110,0
110,110,0
110,110,0
110,110,0
111,110,1
111,110,1
110,110,0
110,110,0
109,110,-1
110,110,0
110,110,0
111,110,1
111,110,1
110,110,0
110,110,0
110,109,1
109,109,0
109,109,0
109,109,0
109,109,0
109,109,0
109,109,0
109,109,0
109,109,0
108,109,-1
109,109,0
109,109,0
109,109,0
109,109,0
109,109,0
110,110,0
111,110,1
111,110,1
111,110,1
110,110,0
110,110,0
110,110,0
110,110,0
111,110,1
111,111,0
110,111,-1
110,111,-1
109,110,-1
110,110,0
111,110,1
111,110,1
111,111,0
111,111,0
111,111,0
111,110,1
110,110,0
109,111,-2
109,111,-2
110,111,-1
111,111,0
111,111,0
111,111,0
110,111,-1
110,111,-1
110,111,-1
111,111,0
110,111,-1
110,111,-1
111,111,0
111,111,0
111,111,0
111,111,0
111,111,0
111,111,0
112,111,1
111,111,0
111,111,0
110,111,-1
110,111,-1
110,111,-1
110,111,-1
110,111,-1
111,111,0
112,111,1
112,111,1
112,111,1
111,111,0
110,111,-1
110,111,-1
111,111,0
111,111,0
111,111,0
111,111,0
111,111,0
111,111,0
111,111,0
111,111,0
111,111,0
112,111,1
112,111,1
112,111,1
111,111,0
111,111,0
111,111,0
111,111,0
112,111,1
112,112,0
112,112,0
113,112,1
112,112,0
111,112,-1
111,112,-1
111,112,-1
111,112,-1
112,112,0
113,112,1
113,111,2
113,111,2
113,111,2
112,111,1
111,111,0
111,111,0
111,111,0
111,111,0
111,111,0
110,111,-1
110,111,-1
111,111,0
111,111,0
111,111,0
110,111,-1
110,111,-1
111,111,0
111,111,0
111,111,0
111,111,0
111,111,0
111,111,0
111,111,0
111,111,0
111,111,0
111,111,0
111,111,0
111,111,0
111,111,0
111,111,0
112,111,1
112,111,1
111,111,0
111,111,0
111,111,0
112,112,0
112,112,0
113,112,1
113,112,1
113,112,1
112,112,0
112,112,0
111,112,-1
111,112,-1
112,112,0
112,112,0
113,112,1
113,112,1
112,112,0
112,112,0
112,112,0
112,113,-1
112,113,-1
113,113,0
113,113,0
114,113,1
114,114,0
114,114,0
114,114,0
113,114,-1
114,114,0
114,114,0
114,114,0
114,114,0
114,114,0
114,114,0
114,114,0
114,114,0
114,114,0
114,114,0
114,114,0
113,113,0
113,113,0
112,113,-1
112,113,-1
111,113,-2
111,113,-2
112,113,-1
112,113,-1
113,113,0
113,113,0
113,113,0
113,113,0
112,113,-1
112,113,-1
113,113,0
113,113,0
113,113,0
113,113,0
113,113,0
113,113,0
114,113,1
114,113,1
114,113,1
114,113,1
113,113,0
113,113,0
113,113,0
113,113,0
113,113,0
113,113,0
114,113,1
114,113,1
113,113,0
113,113,0
113,113,0
113,113,0
113,113,0
113,113,0
114,114,0
114,114,0
114,114,0
114,114,0
114,114,0
113,114,-1
113,114,-1
114,114,0
114,114,0
114,114,0
114,114,0
113,114,-1
114,114,0
114,114,0
114,114,0
114,114,0
113,114,-1
113,114,-1
114,114,0
114,113,1
114,113,1
114,113,1
113,113,0
113,113,0
113,113,0
113,113,0
113,113,0
113,113,0
113,113,0
113,113,0
113,113,0
113,113,0
113,113,0
113,113,0
113,113,0
113,113,0
113,113,0
113,113,0
113,113,0
113,113,0
112,113,-1
113,113,0
113,113,0
113,113,0
113,113,0
113,113,0
113,113,0
114,113,1
114,113,1
113,113,0
114,114,0
114,114,0
114,114,0
114,114,0
113,114,-1
113,114,-1
114,114,0
114,113,1
114,113,1
114,113,1
113,113,0
113,113,0
113,113,0
113,113,0
113,113,0
113,114,-1
113,114,-1
113,114,-1
114,114,0
115,114,1
115,114,1
114,114,0
113,114,-1
114,114,0
115,114,1
115,114,1
115,114,1
115,114,1
114,114,0
114,114,0
114,114,0
114,114,0
114,114,0
113,114,-1
113,114,-1
114,114,0
114,114,0
115,114,1
114,114,0
114,114,0
113,114,-1
113,114,-1
114,114,0
115,114,1
114,114,0
114,114,0
113,114,-1
113,114,-1
114,114,0
115,114,1
115,114,1
114,114,0
113,114,-1
113,114,-1
114,114,0
114,114,0
114,114,0
113,114,-1
113,114,-1
113,114,-1
114,114,0
115,114,1
116,114,2
116,114,2
116,114,2
115,114,1
114,114,0
114,114,0
114,115,-1
114,115,-1
113,115,-2
113,115,-2
113,115,-2
115,115,0
115,114,1
116,114,2
116,114,2
115,114,1
115,114,1
115,114,1
115,114,1
114,114,0
114,114,0
114,114,0
114,114,0
114,114,0
114,114,0
114,114,0
115,114,1
114,114,0
114,114,0
114,114,0
114,114,0
115,114,1
114,114,0
114,114,0
114,114,0
114,115,-1
114,115,-1
115,115,0
115,115,0
115,115,0
115,115,0
115,115,0
115,115,0
116,115,1
116,115,1
116,115,1
116,115,1
115,115,0
115,115,0
114,115,-1
115,115,0
116,115,1
116,115,1
116,115,1
115,115,0
114,115,-1
114,115,-1
114,115,-1
114,115,-1
114,115,-1
115,115,0
115,114,1
114,114,0
114,114,0
114,114,0
115,114,1
115,115,0
115,115,0
115,115,0
114,115,-1
114,115,-1
114,115,-1
115,115,0
116,115,1
117,116,1
117,116,1
117,116,1
116,116,0
116,116,0
115,116,-1
116,116,0
116,116,0
116,116,0
116,116,0
116,116,0
116,115,1
115,115,0
115,115,0
115,115,0
115,115,0
115,115,0
114,115,-1
114,115,-1
114,115,-1
114,115,-1
114,114,0
114,114,0
114,114,0
115,114,1
115,114,1
115,114,1
115,115,0
114,115,-1
114,115,-1
114,115,-1
115,115,0
115,115,0
116,115,1
117,115,2
117,115,2
116,115,1
115,115,0
115,115,0
115,115,0
115,115,0
116,115,1
116,116,0
115,116,-1
115,116,-1
115,116,-1
114,116,-2
115,116,-1
116,116,0
117,116,1
117,116,1
117,116,1
116,116,0
116,116,0
116,116,0
116,116,0
116,116,0
115,116,-1
115,116,-1
116,116,0
116,116,0
116,116,0
115,116,-1
114,116,-2
115,116,-1
116,116,0
117,116,1
117,116,1
116,116,0
116,116,0
116,116,0
116,116,0
116,116,0
116,116,0
116,116,0
116,116,0
116,116,0
116,116,0
116,116,0
116,116,0
116,116,0
117,116,1
118,116,2
118,116,2
117,116,1
117,117,0
116,117,-1
116,117,-1
116,117,-1
116,117,-1
117,117,0
117,117,0
118,117,1
118,117,1
118,117,1
118,117,1
117,117,0
117,118,-1
117,118,-1
118,118,0
119,118,1
119,118,1
118,118,0
117,118,-1
117,118,-1
118,118,0
118,118,0
119,118,1
119,118,1
118,118,0
118,118,0
118,118,0
118,118,0
117,118,-1
117,118,-1
117,118,-1
118,118,0
118,118,0
118,118,0
117,118,-1
117,118,-1
118,118,0
118,118,0
118,118,0
117,118,-1
118,118,0
118,118,0
118,118,0
118,118,0
118,118,0
118,118,0
118,118,0
119,118,1
119,118,1
119,118,1
118,118,0
118,118,0
118,118,0
118,118,0
117,118,-1
117,118,-1
117,118,-1
118,118,0
119,118,1
119,118,1
118,118,0
117,118,-1
118,118,0
119,118,1
119,118,1
119,118,1
119,118,1
118,118,0
118,118,0
118,118,0
118,118,0
118,118,0
118,118,0
119,118,1
119,118,1
118,118,0
117,118,-1
117,118,-1
118,118,0
118,118,0
119,118,1
119,118,1
119,118,1
119,118,1
118,118,0
118,118,0
118,118,0
118,118,0
119,118,1
118,118,0
118,118,0
117,118,-1
117,118,-1
117,118,-1
117,118,-1
117,118,-1
117,118,-1
117,118,-1
117,118,-1
117,117,0
118,117,1
118,117,1
119,118,1
118,118,0
118,118,0
118,118,0
118,118,0
118,118,0
117,118,-1
117,118,-1
118,118,0
118,118,0
118,118,0
118,118,0
117,117,0
117,117,0
117,117,0
118,117,1
118,117,1
117,118,-1
117,118,-1
117,118,-1
117,118,-1
117,118,-1
117,118,-1
118,118,0
118,118,0
118,118,0
118,117,1
118,117,1
118,117,1
118,118,0
118,118,0
118,118,0
117,118,-1
117,118,-1
117,117,0
117,117,0
117,117,0
117,117,0
118,117,1
118,117,1
117,117,0
117,117,0
116,117,-1
115,117,-2
115,117,-2
115,117,-2
116,117,-1
117,117,0
117,117,0
117,117,0
117,117,0
116,117,-1
116,117,-1
117,117,0
117,117,0
117,117,0
117,117,0
118,117,1
119,117,2
118,117,1
117,117,0
117,117,0
117,117,0
119,117,2
119,117,2
119,117,2
118,117,1
117,117,0
116,117,-1
116,117,-1
117,117,0
117,117,0
117,117,0
117,117,0
117,117,0
117,117,0
117,117,0
117,117,0
116,117,-1
116,117,-1
116,117,-1
117,117,0
117,117,0
117,117,0
117,117,0
117,117,0
116,117,-1
116,117,-1
116,117,-1
117,117,0
117,117,0
117,117,0
117,117,0
116,117,-1
116,117,-1
117,117,0
118,118,0
119,118,1
119,118,1
119,118,1
118,118,0
118,118,0
118,118,0
118,118,0
118,118,0
119,118,1
119,118,1
118,118,0
117,118,-1
117,118,-1
117,118,-1
117,118,-1
117,118,-1
118,118,0
117,118,-1
117,118,-1
117,118,-1
117,118,-1
118,118,0
118,118,0
118,118,0
118,118,0
118,118,0
119,118,1
119,118,1
118,118,0
118,118,0
118,118,0
118,118,0
118,118,0
118,118,0
118,118,0
117,117,0
117,117,0
116,117,-1
116,117,-1
116,117,-1
116,117,-1
116,117,-1
116,117,-1
116,117,-1
117,117,0
117,116,1
117,116,1
117,116,1
116,116,0
117,117,0
117,117,0
118,117,1
117,117,0
116,117,-1
115,117,-2
115,117,-2
116,117,-1
117,117,0
117,117,0
117,117,0
116,117,-1
116,117,-1
116,117,-1
117,117,0
118,117,1
118,117,1
118,117,1
117,117,0
117,118,-1
117,118,-1
118,118,0
118,118,0
118,118,0
117,118,-1
118,118,0
118,118,0
119,118,1
118,118,0
117,118,-1
117,118,-1
118,118,0
118,118,0
119,118,1
118,118,0
118,118,0
118,118,0
118,118,0
119,118,1
118,118,0
118,118,0
118,118,0
118,118,0
118,118,0
118,118,0
118,118,0
118,118,0
119,118,1
119,118,1
118,118,0
118,118,0
118,118,0
118,118,0
119,118,1
119,118,1
119,118,1
119,118,1
119,118,1
119,118,1
118,118,0
118,118,0
118,118,0
118,119,-1
118,119,-1
118,118,0
118,118,0
118,118,0
118,118,0
119,118,1
119,118,1
119,118,1
119,118,1
119,119,0
118,119,-1
118,119,-1
117,119,-2
118,119,-1
119,119,0
120,119,1
120,119,1
119,119,0
119,119,0
118,119,-1
119,119,0
119,119,0
119,119,0
120,119,1
120,119,1
120,119,1
119,119,0
119,119,0
119,119,0
119,119,0
120,119,1
120,119,1
120,119,1
119,119,0
119,119,0
119,119,0
119,119,0
119,119,0
119,119,0
119,119,0
119,119,0
119,119,0
120,119,1
119,119,0
119,119,0
119,119,0
119,119,0
119,119,0
119,119,0
120,119,1
119,119,0
119,119,0
118,119,-1
118,119,-1
118,119,-1
118,119,-1
119,119,0
119,119,0
119,119,0
119,119,0
119,119,0
119,119,0
119,119,0
119,119,0
118,119,-1
118,119,-1
119,119,0
119,119,0
120,119,1
119,119,0
118,119,-1
118,119,-1
119,119,0
119,119,0
120,119,1
121,119,2
120,119,1
120,119,1
119,119,0
119,119,0
119,119,0
119,119,0
119,119,0
119,119,0
118,119,-1
118,119,-1
118,119,-1
118,119,-1
119,119,0
119,119,0
120,119,1
120,119,1
120,119,1
120,119,1
120,119,1
119,119,0
119,119,0
119,119,0
119,119,0
119,119,0
119,119,0
119,119,0
118,119,-1
118,119,-1
118,118,0
118,118,0
119,118,1
119,118,1
118,118,0
118,118,0
117,118,-1
117,118,-1
117,118,-1
118,118,0
118,118,0
118,118,0
118,118,0
117,118,-1
117,117,0
117,117,0
118,117,1
119,117,2
119,118,1
118,118,0
117,118,-1
117,118,-1
117,118,-1
117,118,-1
117,118,-1
117,118,-1
118,118,0
119,118,1
119,118,1
118,118,0
118,118,0
118,118,0
119,118,1
120,118,2
120,118,2
119,118,1
119,118,1
118,118,0
118,118,0
118,118,0
118,118,0
118,118,0
118,118,0
118,118,0
118,118,0
118,118,0
118,118,0
118,118,0
118,118,0
118,118,0
119,119,0
119,119,0
119,119,0
120,119,1
120,119,1
119,119,0
119,119,0
119,119,0
119,119,0
120,120,0
120,120,0
120,120,0
119,120,-1
119,120,-1
120,120,0
120,120,0
120,120,0
120,120,0
120,120,0
120,120,0
120,119,1
120,119,1
119,119,0
119,119,0
119,119,0
119,119,0
119,119,0
118,119,-1
118,119,-1
119,119,0
120,119,1
119,119,0
119,119,0
118,119,-1
119,119,0
119,119,0
119,119,0
119,119,0
119,119,0
119,119,0
119,119,0
119,119,0
119,119,0
119,119,0
119,119,0
118,119,-1
119,119,0
119,119,0
121,120,1
122,120,2
122,120,2
121,120,1
120,120,0
121,121,0
121,121,0
122,121,1
121,121,0
120,121,-1
120,121,-1
120,120,0
120,120,0
121,120,1
121,120,1
121,120,1
120,120,0
120,120,0
120,120,0
120,120,0
120,120,0
120,120,0
120,120,0
120,120,0
121,120,1
121,120,1
120,120,0
120,120,0
120,120,0
120,120,0
121,120,1
121,120,1
121,120,1
120,120,0
120,120,0
120,120,0
120,120,0
120,120,0
120,120,0
120,120,0
120,120,0
120,120,0
119,120,-1
119,120,-1
120,120,0
120,120,0
121,121,0
121,121,0
121,121,0
121,121,0
121,121,0
121,121,0
121,121,0
121,121,0
121,121,0
121,121,0
120,121,-1
120,121,-1
121,121,0
121,121,0
120,121,-1
120,120,0
120,120,0
120,120,0
121,120,1
121,120,1
121,120,1
120,120,0
120,120,0
120,120,0
120,120,0
120,120,0
120,120,0
121,120,1
121,120,1
120,120,0
119,120,-1
119,120,-1
119,120,-1
120,120,0
120,120,0
121,120,1
121,120,1
121,120,1
120,120,0
120,120,0
121,120,1
121,120,1
121,120,1
120,120,0
120,120,0
119,120,-1
119,120,-1
118,120,-2
118,120,-2
119,120,-1
120,119,1
120,119,1
120,119,1
120,119,1
119,119,0
119,120,-1
119,120,-1
120,120,0
119,120,-1
119,120,-1
120,120,0
121,120,1
121,119,2
120,119,1
120,119,1
119,119,0
119,120,-1
120,120,0
120,120,0
119,120,-1
119,120,-1
119,120,-1
119,120,-1
119,120,-1
120,120,0
120,120,0
121,120,1
121,121,0
121,121,0
120,121,-1
121,121,0
122,121,1
122,121,1
123,121,2
123,121,2
122,121,1
122,121,1
121,121,0
121,121,0
121,121,0
121,121,0
121,121,0
121,121,0
120,121,-1
120,121,-1
120,121,-1
121,121,0
121,121,0
121,121,0
121,121,0
121,121,0
121,121,0
120,121,-1
120,121,-1
120,121,-1
120,121,-1
121,121,0
121,121,0
121,121,0
121,121,0
121,121,0
122,121,1
122,121,1
122,121,1
121,121,0
121,121,0
121,121,0
120,121,-1
120,121,-1
121,121,0
121,121,0
121,121,0
121,121,0
121,121,0
121,121,0
121,121,0
122,121,1
122,121,1
121,121,0
121,121,0
121,121,0
121,121,0
122,121,1
121,121,0
121,121,0
121,121,0
121,121,0
121,121,0
121,121,0
121,121,0
122,121,1
122,121,1
122,121,1
121,121,0
122,122,0
122,122,0
122,122,0
122,122,0
121,122,-1
121,122,-1
121,122,-1
122,122,0
122,121,1
123,121,2
123,121,2
122,121,1
121,121,0
121,121,0
120,121,-1
120,121,-1
120,121,-1
120,121,-1
121,121,0
120,121,-1
120,121,-1
120,121,-1
120,121,-1
121,121,0
121,121,0
121,121,0
122,121,1
122,121,1
122,121,1
122,121,1
121,121,0
121,121,0
121,121,0
121,122,-1
122,122,0
123,122,1
122,122,0
121,122,-1
121,122,-1
121,122,-1
123,122,1
124,122,2
123,122,1
122,122,0
122,122,0
122,122,0
122,122,0
123,122,1
123,123,0
123,123,0
123,123,0
123,122,1
122,122,0
122,122,0
122,122,0
122,122,0
123,122,1
123,122,1
123,122,1
122,122,0
122,122,0
122,122,0
122,122,0
121,122,-1
121,122,-1
122,122,0
122,122,0
122,122,0
121,122,-1
121,122,-1
121,122,-1
121,122,-1
122,122,0
123,122,1
123,122,1
122,122,0
122,122,0
122,122,0
122,122,0
123,122,1
124,122,2
123,122,1
122,122,0
122,122,0
122,122,0
123,122,1
123,122,1
123,122,1
122,122,0
122,122,0
122,122,0
122,122,0
122,122,0
122,122,0
122,122,0
122,122,0
122,122,0
122,122,0
122,122,0
122,122,0
122,122,0
122,122,0
121,122,-1
121,122,-1
121,122,-1
121,122,-1
122,122,0
122,122,0
122,122,0
122,122,0
123,122,1
123,122,1
123,122,1
122,122,0
122,122,0
121,122,-1
122,122,0
123,122,1
123,122,1
122,122,0
121,122,-1
121,122,-1
122,122,0
122,122,0
122,122,0
122,122,0
122,122,0
121,122,-1
121,122,-1
121,121,0
121,121,0
122,121,1
123,121,2
123,121,2
122,121,1
121,121,0
121,121,0
121,121,0
121,121,0
121,121,0
120,121,-1
120,121,-1
121,121,0
121,121,0
122,121,1
122,121,1
122,121,1
121,121,0
122,121,1
122,121,1
122,121,1
122,121,1
121,122,-1
120,122,-2
119,122,-3
119,121,-2
120,121,-1
121,121,0
122,121,1
122,121,1
121,121,0
122,121,1
122,121,1
121,121,0
121,121,0
121,121,0
121,121,0
121,121,0
120,121,-1
120,121,-1
120,121,-1
121,121,0
121,121,0
121,121,0
122,122,0
123,122,1
123,122,1
124,122,2
123,122,1
122,122,0
122,122,0
122,122,0
122,122,0
122,122,0
121,122,-1
121,122,-1
121,122,-1
121,122,-1
122,122,0
122,121,1
122,121,1
122,121,1
122,121,1
121,121,0
121,121,0
121,121,0
121,121,0
121,121,0
121,121,0
122,121,1
122,121,1
122,121,1
121,121,0
121,121,0
120,121,-1
121,121,0
121,121,0
121,121,0
121,121,0
121,121,0
122,121,1
122,121,1
121,121,0
121,121,0
121,121,0
121,121,0
121,121,0
121,121,0
121,121,0
121,121,0
122,121,1
122,121,1
122,121,1
121,122,-1
121,122,-1
121,122,-1
122,122,0
122,122,0
122,122,0
122,122,0
122,122,0
122,122,0
122,122,0
122,122,0
122,122,0
122,122,0
121,122,-1
121,122,-1
121,122,-1
121,122,-1
121,122,-1
121,122,-1
122,122,0
123,122,1
124,122,2
123,122,1
121,122,-1
121,122,-1
121,122,-1
122,122,0
123,122,1
123,122,1
122,122,0
122,122,0
122,122,0
122,122,0
122,122,0
122,122,0
122,122,0
122,122,0
122,122,0
121,122,-1
120,122,-2
121,122,-1
122,122,0
123,122,1
122,122,0
121,122,-1
121,122,-1
121,122,-1
122,123,-1
123,123,0
124,124,0
125,125,0
127,127,0
130,130,0
134,134,0
137,135,2
140,135,5
142,135,7
143,135,8
143,135,8
143,135,8
142,135,7
140,135,5
138,135,3
135,135,0
132,132,0
129,129,0
128,128,0
127,127,0
127,127,0
126,126,0
125,125,0
124,124,0
124,124,0
124,124,0
124,124,0
124,124,0
124,124,0
123,124,-1
123,124,-1
124,124,0
124,124,0
124,124,0
124,124,0
124,124,0
124,123,1
124,123,1
123,123,0
123,123,0
123,123,0
123,123,0
123,123,0
123,123,0
123,123,0
123,123,0
123,123,0
124,123,1
124,123,1
123,123,0
123,123,0
122,123,-1
122,123,-1
123,123,0
124,123,1
124,123,1
124,123,1
123,123,0
122,123,-1
122,123,-1
122,123,-1
123,123,0
124,123,1
124,123,1
123,123,0
123,123,0
123,123,0
123,123,0
123,123,0
123,124,-1
123,124,-1
124,124,0
124,124,0
124,124,0
124,124,0
124,124,0
125,124,1
125,124,1
125,124,1
124,124,0
124,124,0
123,123,0
123,123,0
123,123,0
123,123,0
123,123,0
123,123,0
123,123,0
123,123,0
123,123,0
123,123,0
123,123,0
123,123,0
123,123,0
124,124,0
125,124,1
125,124,1
125,124,1
124,124,0
124,124,0
124,124,0
124,124,0
124,124,0
124,124,0
123,123,0
123,123,0
123,123,0
123,123,0
123,123,0
123,123,0
123,123,0
123,123,0
123,123,0
123,123,0
124,123,1
124,123,1
124,123,1
123,123,0
123,123,0
123,123,0
123,123,0
123,123,0
123,123,0
122,123,-1
122,123,-1
122,123,-1
122,123,-1
122,123,-1
123,123,0
123,123,0
124,123,1
124,123,1
124,124,0
124,124,0
123,124,-1
123,124,-1
124,124,0
124,124,0
124,124,0
125,124,1
125,124,1
124,124,0
124,124,0
123,124,-1
123,124,-1
123,124,-1
124,124,0
124,124,0
125,124,1
125,124,1
125,124,1
124,124,0
124,124,0
124,124,0
125,124,1
125,124,1
125,124,1
125,124,1
124,124,0
124,124,0
124,124,0
124,124,0
124,124,0
123,124,-1
124,124,0
124,124,0
124,124,0
124,124,0
124,124,0
124,124,0
125,124,1
126,124,2
126,124,2
125,124,1
125,124,1
124,124,0
124,124,0
124,124,0
123,124,-1
124,124,0
124,124,0
124,123,1
123,123,0
123,123,0
122,123,-1
123,123,0
123,123,0
123,123,0
123,123,0
122,123,-1
123,123,0
123,123,0
123,123,0
122,123,-1
122,123,-1
122,123,-1
122,123,-1
122,123,-1
122,123,-1
122,123,-1
123,123,0
123,123,0
124,122,2
123,122,1
123,122,1
122,122,0
123,123,0
123,123,0
123,123,0
123,123,0
122,123,-1
122,123,-1
122,122,0
122,122,0
122,122,0
123,123,0
123,123,0
123,123,0
122,123,-1
122,122,0
122,122,0
122,123,-1
123,123,0
123,123,0
124,123,1
124,123,1
123,123,0
123,123,0
122,123,-1
122,123,-1
123,123,0
123,123,0
123,123,0
123,123,0
123,123,0
123,123,0
123,123,0
123,123,0
123,123,0
123,123,0
124,123,1
124,123,1
124,123,1
123,123,0
123,123,0
123,123,0
123,123,0
123,123,0
123,123,0
122,123,-1
122,123,-1
121,123,-2
121,123,-2
121,123,-2
122,123,-1
123,123,0
123,123,0
123,123,0
123,123,0
123,123,0
123,123,0
123,123,0
124,123,1
124,123,1
124,123,1
124,123,1
124,123,1
124,123,1
123,123,0
123,123,0
123,123,0
123,123,0
123,123,0
124,123,1
124,123,1
124,123,1
123,123,0
122,123,-1
122,123,-1
121,123,-2
122,123,-1
122,123,-1
123,123,0
123,123,0
123,123,0
123,123,0
123,123,0
123,123,0
124,123,1
124,123,1
124,123,1
123,123,0
123,123,0
123,123,0
123,123,0
124,123,1
124,123,1
123,123,0
123,123,0
123,123,0
123,123,0
123,123,0
124,123,1
123,123,0
123,123,0
124,123,1
124,123,1
124,123,1
123,123,0
122,123,-1
121,123,-2
121,123,-2
121,122,-1
122,122,0
122,122,0
123,122,1
123,122,1
123,122,1
122,122,0
121,122,-1
121,122,-1
122,122,0
122,122,0
122,122,0
123,122,1
123,122,1
123,122,1
122,122,0
122,122,0
121,122,-1
122,122,0
123,122,1
123,122,1
122,122,0
122,122,0
121,122,-1
122,122,0
122,122,0
122,122,0
122,122,0
122,122,0
122,122,0
123,122,1
123,122,1
124,123,1
124,123,1
124,123,1
124,123,1
123,123,0
122,123,-1
122,123,-1
123,123,0
124,124,0
124,124,0
123,124,-1
123,124,-1
123,124,-1
123,124,-1
124,124,0
124,124,0
124,124,0
124,124,0
124,124,0
124,124,0
124,124,0
124,124,0
123,124,-1
123,124,-1
123,124,-1
124,124,0
124,124,0
124,124,0
123,124,-1
123,124,-1
124,124,0
124,124,0
124,124,0
124,124,0
123,124,-1
124,124,0
124,124,0
125,124,1
125,124,1
125,124,1
124,124,0
124,124,0
124,124,0
124,124,0
124,124,0
124,124,0
124,124,0
125,124,1
124,124,0
124,124,0
123,124,-1
123,124,-1
123,124,-1
123,124,-1
124,125,-1
125,125,0
125,125,0
126,125,1
125,125,0
125,126,-1
126,126,0
126,126,0
127,126,1
127,126,1
126,126,0
126,126,0
126,126,0
126,126,0
126,126,0
127,126,1
127,126,1
128,126,2
127,126,1
127,126,1
126,126,0
125,125,0
124,125,-1
125,125,0
125,125,0
125,125,0
125,125,0
125,125,0
124,125,-1
125,125,0
125,125,0
125,125,0
124,125,-1
124,125,-1
125,125,0
125,125,0
125,125,0
124,124,0
123,124,-1
123,124,-1
124,124,0
125,124,1
125,124,1
125,124,1
124,124,0
124,124,0
123,123,0
122,123,-1
123,123,0
123,123,0
124,123,1
124,123,1
122,123,-1
121,123,-2
121,123,-2
122,123,-1
123,123,0
123,123,0
123,123,0
123,123,0
123,123,0
123,123,0
123,123,0
123,123,0
122,123,-1
123,123,0
123,123,0
123,123,0
123,123,0
123,123,0
124,123,1
124,123,1
124,123,1
124,124,0
124,124,0
124,124,0
124,124,0
124,124,0
124,124,0
123,124,-1
123,124,-1
123,124,-1
124,124,0
125,124,1
125,124,1
124,124,0
124,124,0
123,124,-1
123,124,-1
124,124,0
124,124,0
124,124,0
124,124,0
123,124,-1
123,124,-1
123,123,0
124,123,1
124,124,0
124,124,0
124,124,0
123,124,-1
123,124,-1
123,124,-1
123,124,-1
123,124,-1
124,124,0
124,124,0
124,124,0
124,124,0
124,124,0
125,124,1
125,125,0
125,125,0
125,125,0
124,125,-1
125,125,0
125,125,0
126,125,1
126,125,1
125,125,0
125,125,0
124,125,-1
124,125,-1
125,125,0
125,125,0
125,125,0
125,124,1
125,124,1
124,124,0
123,124,-1
123,124,-1
123,124,-1
123,124,-1
123,124,-1
123,124,-1
123,124,-1
123,124,-1
123,124,-1
124,124,0
124,124,0
124,124,0
125,124,1
124,124,0
124,124,0
124,124,0
124,124,0
125,124,1
124,124,0
124,124,0
123,124,-1
123,124,-1
123,124,-1
124,124,0
124,124,0
124,124,0
124,124,0
124,124,0
124,124,0
124,124,0
124,124,0
125,124,1
125,124,1
125,124,1
124,124,0
123,124,-1
123,124,-1
124,124,0
124,124,0
124,124,0
124,124,0
124,124,0
124,124,0
123,124,-1
123,124,-1
123,124,-1
123,124,-1
124,124,0
124,123,1
124,123,1
124,123,1
123,123,0
122,123,-1
123,123,0
123,123,0
124,123,1
123,123,0
123,123,0
123,123,0
123,123,0
123,123,0
123,123,0
123,123,0
122,123,-1
122,123,-1
122,123,-1
122,123,-1
123,123,0
123,123,0
123,123,0
123,123,0
122,123,-1
123,123,0
123,123,0
123,123,0
123,123,0
122,123,-1
123,123,0
123,123,0
124,123,1
125,124,1
125,124,1
124,124,0
124,124,0
124,124,0
123,124,-1
124,124,0
124,124,0
124,124,0
124,123,1
123,123,0
123,123,0
123,123,0
123,123,0
123,123,0
123,123,0
123,123,0
123,123,0
123,123,0
123,123,0
124,123,1
123,123,0
122,123,-1
122,123,-1
122,123,-1
123,123,0
124,123,1
124,123,1
124,123,1
123,123,0
123,123,0
124,123,1
125,123,2
125,123,2
123,123,0
122,123,-1
122,123,-1
123,123,0
123,123,0
123,123,0
123,123,0
123,123,0
124,123,1
123,123,0
123,123,0
122,123,-1
122,123,-1
122,123,-1
122,123,-1
122,123,-1
122,123,-1
123,123,0
123,123,0
124,124,0
124,124,0
124,124,0
124,124,0
124,124,0
124,124,0
124,124,0
124,124,0
124,124,0
124,124,0
123,124,-1
123,124,-1
124,124,0
125,124,1
125,124,1
124,124,0
123,124,-1
124,124,0
124,124,0
124,124,0
124,124,0
123,124,-1
123,123,0
124,123,1
124,123,1
123,123,0
123,123,0
123,123,0
123,123,0
123,123,0
122,123,-1
122,123,-1
123,123,0
124,123,1
124,123,1
124,124,0
123,124,-1
123,124,-1
124,124,0
124,124,0
124,124,0
124,124,0
124,124,0
125,124,1
125,124,1
124,124,0
124,124,0
124,124,0
124,124,0
124,124,0
124,124,0
124,124,0
124,124,0
124,124,0
124,124,0
124,124,0
123,124,-1
123,124,-1
124,124,0
124,124,0
124,124,0
124,124,0
125,124,1
125,124,1
125,124,1
124,124,0
123,124,-1
123,124,-1
123,124,-1
124,123,1
124,123,1
124,123,1
123,123,0
123,123,0
123,123,0
123,123,0
123,123,0
123,123,0
123,123,0
122,123,-1
123,123,0
123,123,0
124,123,1
124,123,1
124,123,1
123,123,0
123,123,0
124,123,1
124,123,1
124,123,1
123,124,-1
123,124,-1
123,124,-1
124,124,0
124,124,0
124,124,0
123,124,-1
123,124,-1
123,124,-1
124,124,0
124,124,0
124,124,0
125,124,1
125,124,1
125,124,1
124,125,-1
124,125,-1
125,125,0
126,125,1
127,125,2
126,125,1
125,125,0
124,125,-1
125,125,0
126,125,1
126,125,1
126,125,1
125,126,-1
124,126,-2
124,126,-2
125,126,-1
125,126,-1
125,126,-1
126,126,0
126,126,0
126,126,0
127,126,1
127,126,1
127,126,1
126,126,0
126,127,-1
126,127,-1
126,127,-1
127,127,0
127,127,0
127,127,0
127,127,0
127,127,0
127,126,1
127,126,1
127,126,1
127,126,1
126,126,0
126,126,0
126,126,0
126,126,0
126,126,0
126,126,0
126,126,0
126,126,0
126,126,0
126,126,0
126,126,0
125,125,0
125,125,0
125,125,0
124,125,-1
124,125,-1
124,125,-1
125,125,0
125,125,0
125,125,0
125,125,0
125,125,0
126,125,1
126,125,1
126,125,1
125,125,0
125,125,0
124,125,-1
124,125,-1
124,125,-1
125,125,0
125,125,0
126,125,1
127,125,2
127,125,2
127,125,2
127,125,2
126,125,1
125,125,0
125,125,0
124,125,-1
124,125,-1
124,125,-1
125,125,0
125,125,0
125,125,0
125,125,0
125,125,0
126,125,1
126,125,1
126,125,1
125,125,0
124,125,-1
124,125,-1
124,125,-1
125,125,0
126,125,1
125,125,0
125,125,0
124,125,-1
125,125,0
125,125,0
125,125,0
125,125,0
125,125,0
125,125,0
126,125,1
126,125,1
126,125,1
126,125,1
125,125,0
125,125,0
124,125,-1
124,125,-1
124,125,-1
124,125,-1
124,124,0
125,124,1
125,124,1
124,124,0
124,124,0
124,124,0
125,124,1
125,124,1
124,124,0
124,124,0
124,124,0
124,124,0
124,124,0
124,124,0
123,124,-1
123,124,-1
124,124,0
124,124,0
124,123,1
124,123,1
123,123,0
123,123,0
123,123,0
123,123,0
122,123,-1
121,123,-2
122,123,-1
122,123,-1
123,123,0
122,123,-1
122,123,-1
122,123,-1
123,123,0
124,122,2
124,123,1
124,123,1
124,123,1
124,123,1
124,122,2
123,123,0
122,123,-1
122,123,-1
122,123,-1
123,123,0
122,123,-1
122,123,-1
121,123,-2
122,123,-1
123,123,0
124,123,1
123,123,0
123,123,0
123,123,0
123,123,0
122,123,-1
122,123,-1
123,123,0
124,123,1
125,123,2
124,123,1
123,123,0
122,123,-1
122,123,-1
123,123,0
123,123,0
123,123,0
122,123,-1
122,123,-1
122,123,-1
122,123,-1
122,123,-1
123,123,0
123,123,0
123,123,0
124,123,1
124,123,1
124,123,1
124,123,1
124,123,1
123,123,0
123,123,0
123,123,0
123,123,0
124,123,1
123,123,0
123,123,0
122,122,0
122,122,0
122,122,0
122,122,0
122,122,0
122,122,0
121,122,-1
121,122,-1
121,122,-1
121,122,-1
122,122,0
122,122,0
123,122,1
123,122,1
123,122,1
123,122,1
122,122,0
122,122,0
121,122,-1
122,122,0
123,122,1
123,122,1
123,122,1
122,122,0
121,122,-1
121,122,-1
122,122,0
123,122,1
123,122,1
122,123,-1
121,123,-2
121,123,-2
121,123,-2
122,123,-1
123,123,0
123,123,0
123,123,0
123,123,0
124,123,1
124,123,1
124,123,1
123,123,0
123,123,0
123,123,0
123,123,0
123,123,0
123,123,0
122,122,0
122,122,0
122,122,0
122,122,0
121,122,-1
121,122,-1
121,122,-1
122,122,0
122,122,0
122,122,0
122,122,0
122,122,0
122,122,0
122,122,0
122,122,0
122,122,0
122,122,0
122,122,0
122,122,0
122,122,0
122,122,0
122,122,0
123,122,1
122,122,0
122,122,0
121,122,-1
120,122,-2
120,122,-2
121,122,-1
121,122,-1
121,122,-1
122,122,0
122,122,0
121,122,-1
121,122,-1
121,122,-1
122,122,0
123,122,1
123,122,1
122,122,0
122,122,0
123,122,1
123,122,1
123,122,1
122,122,0
122,122,0
122,122,0
122,122,0
123,122,1
123,122,1
122,122,0
121,121,0
121,121,0
121,121,0
120,121,-1
120,121,-1
120,121,-1
121,121,0
121,121,0
121,121,0
121,121,0
121,121,0
122,121,1
122,121,1
122,122,0
122,122,0
122,122,0
122,122,0
122,122,0
122,122,0
121,122,-1
121,122,-1
122,122,0
122,122,0
122,122,0
122,122,0
122,122,0
122,122,0
122,122,0
122,122,0
121,122,-1
121,122,-1
122,122,0
123,122,1
123,122,1
123,122,1
122,122,0
122,122,0
122,122,0
122,122,0
121,122,-1
121,122,-1
121,122,-1
121,122,-1
122,121,1
121,121,0
121,121,0
121,121,0
122,121,1
122,121,1
122,122,0
121,122,-1
121,122,-1
121,122,-1
122,122,0
122,122,0
122,122,0
122,122,0
122,122,0
123,122,1
122,122,0
122,122,0
121,122,-1
121,122,-1
122,122,0
122,122,0
123,122,1
123,122,1
123,122,1
123,122,1
122,122,0
121,122,-1
121,122,-1
122,123,-1
123,123,0
124,123,1
123,123,0
123,123,0
122,123,-1
122,122,0
122,122,0
123,123,0
123,123,0
123,123,0
123,123,0
123,123,0
122,123,-1
122,123,-1
121,123,-2
122,123,-1
123,123,0
123,123,0
124,123,1
124,123,1
124,122,2
123,122,1
123,122,1
122,122,0
122,122,0
122,122,0
123,122,1
122,122,0
122,122,0
121,122,-1
120,122,-2
120,122,-2
121,122,-1
122,122,0
122,122,0
122,122,0
122,122,0
122,122,0
123,122,1
123,122,1
123,122,1
123,122,1
123,123,0
123,123,0
123,123,0
123,123,0
122,123,-1
121,123,-2
121,123,-2
122,123,-1
123,123,0
123,123,0
123,123,0
123,123,0
122,122,0
123,122,1
123,122,1
122,122,0
122,123,-1
122,123,-1
123,122,1
123,122,1
122,122,0
122,122,0
122,122,0
122,122,0
123,122,1
123,122,1
122,122,0
122,122,0
122,122,0
122,122,0
122,122,0
123,122,1
123,122,1
122,122,0
122,122,0
121,122,-1
121,122,-1
121,122,-1
122,122,0
122,122,0
122,122,0
122,122,0
122,122,0
122,122,0
122,122,0
121,122,-1
121,122,-1
122,122,0
122,122,0
122,122,0
123,122,1
123,122,1
123,122,1
123,122,1
122,122,0
122,122,0
123,122,1
123,122,1
122,122,0
122,122,0
121,121,0
120,121,-1
121,121,0
121,121,0
121,121,0
121,121,0
121,121,0
121,121,0
121,121,0
121,121,0
122,122,0
123,123,0
124,123,1
123,123,0
123,123,0
123,123,0
124,123,1
125,123,2
124,123,1
124,123,1
123,123,0
123,123,0
123,123,0
123,123,0
122,123,-1
122,123,-1
122,123,-1
122,123,-1
121,123,-2
122,123,-1
123,122,1
124,122,2
125,122,3
124,122,2
122,122,0
122,123,-1
122,123,-1
123,123,0
123,123,0
122,123,-1
122,123,-1
123,123,0
124,123,1
124,123,1
124,123,1
124,123,1
123,123,0
123,123,0
122,123,-1
122,123,-1
123,123,0
124,123,1
124,123,1
123,123,0
123,123,0
123,123,0
124,123,1
124,123,1
123,123,0
123,123,0
123,123,0
123,123,0
123,123,0
124,123,1
124,123,1
124,123,1
124,123,1
124,123,1
123,123,0
123,123,0
123,123,0
123,123,0
123,123,0
123,123,0
123,123,0
123,123,0
123,123,0
123,123,0
122,123,-1
122,123,-1
123,123,0
123,123,0
124,123,1
124,123,1
124,123,1
123,123,0
122,123,-1
122,123,-1
122,123,-1
123,123,0
123,123,0
123,123,0
123,123,0
123,123,0
123,123,0
123,123,0
122,123,-1
122,123,-1
123,123,0
123,123,0
124,123,1
123,123,0
122,123,-1
122,123,-1
122,123,-1
122,123,-1
122,123,-1
123,123,0
123,123,0
123,123,0
123,123,0
123,123,0
123,123,0
124,124,0
125,124,1
125,124,1
125,124,1
124,124,0
124,124,0
124,124,0
124,124,0
124,124,0
124,124,0
123,124,-1
123,124,-1
123,124,-1
123,124,-1
124,124,0
124,123,1
123,123,0
123,123,0
122,123,-1
123,123,0
123,123,0
124,123,1
124,123,1
124,123,1
123,123,0
123,123,0
123,123,0
123,123,0
123,123,0
123,123,0
123,123,0
124,123,1
124,123,1
123,123,0
123,124,-1
123,124,-1
124,124,0
125,124,1
125,124,1
125,124,1
125,124,1
124,124,0
124,124,0
124,124,0
124,124,0
124,124,0
124,124,0
124,124,0
124,124,0
124,124,0
124,124,0
124,124,0
123,124,-1
123,123,0
123,123,0
123,123,0
124,123,1
123,123,0
123,123,0
123,123,0
123,123,0
123,123,0
123,123,0
123,123,0
122,123,-1
122,123,-1
122,123,-1
122,123,-1
123,123,0
123,123,0
123,123,0
123,123,0
123,123,0
123,123,0
123,123,0
123,123,0
124,123,1
124,123,1
124,123,1
124,123,1
123,123,0
123,123,0
123,123,0
123,123,0
123,123,0
123,123,0
122,123,-1
122,123,-1
122,123,-1
123,123,0
123,123,0
123,123,0
123,123,0
122,123,-1
122,123,-1
123,123,0
123,123,0
123,123,0
123,123,0
123,123,0
123,123,0
123,123,0
122,123,-1
122,123,-1
123,123,0
123,123,0
123,123,0
123,123,0
123,123,0
122,123,-1
122,123,-1
122,123,-1
123,123,0
123,123,0
124,123,1
124,122,2
124,122,2
123,122,1
122,122,0
122,122,0
122,122,0
122,122,0
122,122,0
122,122,0
122,122,0
122,122,0
122,122,0
122,122,0
122,122,0
123,122,1
123,122,1
122,122,0
122,122,0
121,122,-1
121,122,-1
122,122,0
123,122,1
123,122,1
123,122,1
122,122,0
122,122,0
121,122,-1
122,122,0
122,122,0
122,122,0
122,122,0
122,122,0
121,122,-1
122,122,0
122,122,0
122,122,0
122,122,0
121,122,-1
121,122,-1
121,122,-1
122,122,0
122,122,0
122,122,0
121,121,0
120,121,-1
121,121,0
122,121,1
122,121,1
122,121,1
121,121,0
120,121,-1
120,121,-1
120,121,-1
121,121,0
121,121,0
121,121,0
122,121,1
122,121,1
121,121,0
121,121,0
121,121,0
121,121,0
121,121,0
121,121,0
120,121,-1
120,121,-1
121,121,0
121,121,0
121,121,0
121,121,0
121,121,0
121,121,0
121,121,0
122,122,0
122,122,0
122,122,0
122,122,0
122,122,0
122,122,0
123,122,1
123,122,1
123,122,1
123,122,1
123,122,1
122,122,0
122,122,0
122,122,0
122,122,0
122,122,0
122,122,0
121,122,-1
122,122,0
122,122,0
122,121,1
121,121,0
121,121,0
120,121,-1
120,121,-1
121,121,0
121,121,0
121,121,0
121,121,0
121,121,0
121,121,0
121,121,0
121,121,0
122,122,0
122,122,0
122,122,0
122,122,0
122,122,0
122,122,0
122,122,0
122,122,0
122,122,0
122,122,0
122,122,0
122,122,0
121,122,-1
121,122,-1
121,122,-1
122,122,0
122,122,0
123,122,1
123,122,1
123,122,1
123,122,1
122,122,0
122,122,0
123,122,1
122,122,0
122,122,0
121,121,0
121,121,0
121,121,0
121,121,0
121,121,0
121,121,0
120,121,-1
120,121,-1
121,121,0
121,121,0
122,121,1
122,121,1
122,121,1
122,121,1
121,121,0
120,121,-1
121,121,0
121,121,0
121,121,0
121,121,0
120,121,-1
120,121,-1
121,120,1
121,120,1
121,120,1
120,120,0
119,120,-1
119,120,-1
119,120,-1
119,120,-1
119,120,-1
119,120,-1
120,120,0
121,120,1
122,120,2
122,120,2
121,120,1
121,120,1
121,120,1
120,120,0
120,120,0
119,120,-1
119,120,-1
120,120,0
120,120,0
120,119,1
119,119,0
119,119,0
119,119,0
119,119,0
120,119,1
119,119,0
119,119,0
119,119,0
119,119,0
119,119,0
119,119,0
120,119,1
121,120,1
122,120,2
122,120,2
121,120,1
120,120,0
119,120,-1
119,120,-1
120,120,0
121,121,0
121,121,0
121,121,0
120,121,-1
119,120,-1
119,120,-1
120,120,0
121,121,0
122,121,1
122,121,1
122,121,1
121,121,0
120,121,-1
120,121,-1
120,121,-1
121,121,0
121,121,0
122,121,1
122,121,1
121,121,0
120,121,-1
120,121,-1
120,121,-1
120,121,-1
121,121,0
121,121,0
121,121,0
121,121,0
121,121,0
120,121,-1
120,121,-1
121,121,0
121,121,0
121,121,0
120,121,-1
121,121,0
122,122,0
123,122,1
124,122,2
123,122,1
122,122,0
122,122,0
122,122,0
123,122,1
123,122,1
122,122,0
122,122,0
122,122,0
122,122,0
122,122,0
122,122,0
122,122,0
122,122,0
122,122,0
122,122,0
122,122,0
123,123,0
123,123,0
123,123,0
124,123,1
124,123,1
124,123,1
124,123,1
124,123,1
123,123,0
123,123,0
123,123,0
123,123,0
124,123,1
123,123,0
122,123,-1
122,123,-1
123,123,0
123,123,0
124,123,1
124,123,1
123,123,0
123,123,0
123,123,0
123,123,0
122,123,-1
121,123,-2
121,122,-1
121,122,-1
122,122,0
123,121,2
123,121,2
122,121,1
121,121,0
121,121,0
121,121,0
121,121,0
121,121,0
121,122,-1
121,122,-1
121,122,-1
121,122,-1
122,121,1
122,121,1
122,121,1
122,122,0
122,122,0
122,122,0
123,122,1
123,122,1
122,122,0
121,122,-1
121,122,-1
121,122,-1
122,121,1
123,121,2
122,121,1
121,121,0
120,121,-1
120,121,-1
120,121,-1
121,121,0
121,121,0
121,121,0
122,121,1
122,121,1
122,121,1
121,121,0
120,121,-1
120,121,-1
121,121,0
122,121,1
122,122,0
122,122,0
121,122,-1
121,121,0
121,121,0
122,121,1
121,121,0
122,122,0
122,122,0
122,122,0
122,122,0
121,122,-1
121,122,-1
120,122,-2
121,122,-1
122,122,0
122,122,0
122,122,0
122,122,0
122,122,0
122,122,0
122,122,0
122,122,0
122,122,0
123,122,1
122,122,0
122,122,0
121,122,-1
121,122,-1
121,121,0
120,121,-1
120,121,-1
120,121,-1
120,121,-1
121,121,0
122,121,1
122,121,1
121,121,0
121,122,-1
121,122,-1
122,122,0
123,122,1
123,122,1
122,122,0
122,122,0
122,122,0
122,122,0
122,122,0
122,122,0
121,122,-1
121,122,-1
121,121,0
122,121,1
122,121,1
121,121,0
121,121,0
120,121,-1
120,121,-1
120,121,-1
120,121,-1
120,121,-1
120,121,-1
120,120,0
121,120,1
121,120,1
121,120,1
122,120,2
122,120,2
121,120,1
120,120,0
120,120,0
120,120,0
120,120,0
120,120,0
119,120,-1
118,120,-2
118,120,-2
118,119,-1
118,119,-1
119,119,0
119,119,0
120,119,1
120,119,1
120,119,1
119,119,0
118,119,-1
118,119,-1
119,119,0
119,119,0
119,119,0
119,119,0
120,119,1
120,119,1
119,119,0
119,119,0
118,119,-1
119,119,0
119,119,0
120,119,1
120,119,1
119,120,-1
119,120,-1
119,120,-1
119,120,-1
120,120,0
121,120,1
121,120,1
120,120,0
120,120,0
120,119,1
120,119,1
120,119,1
120,119,1
119,119,0
118,119,-1
117,119,-2
117,119,-2
118,119,-1
119,119,0
119,119,0
119,119,0
119,119,0
119,119,0
120,119,1
120,119,1
121,119,2
120,119,1
119,119,0
119,119,0
119,119,0
118,119,-1
118,119,-1
118,119,-1
118,119,-1
118,119,-1
119,119,0
119,119,0
119,119,0
119,119,0
119,118,1
120,118,2
119,119,0
119,119,0
119,119,0
118,119,-1
118,119,-1
117,119,-2
117,119,-2
118,119,-1
118,119,-1
119,119,0
119,119,0
119,119,0
118,119,-1
119,119,0
119,119,0
120,119,1
120,119,1
120,119,1
120,119,1
119,118,1
118,118,0
118,118,0
118,118,0
118,118,0
118,118,0
118,118,0
118,118,0
118,118,0
118,118,0
118,118,0
119,119,0
119,119,0
119,119,0
119,119,0
120,119,1
121,119,2
121,119,2
121,119,2
120,119,1
119,119,0
119,119,0
119,119,0
119,119,0
118,119,-1
118,119,-1
118,119,-1
117,119,-2
117,118,-1
116,118,-2
117,118,-1
118,118,0
119,118,1
119,118,1
119,118,1
119,118,1
118,118,0
118,118,0
118,118,0
119,119,0
119,119,0
120,119,1
120,119,1
119,119,0
118,119,-1
118,119,-1
118,119,-1
118,119,-1
119,119,0
119,119,0
119,119,0
119,119,0
119,119,0
119,119,0
119,119,0
119,119,0
119,119,0
120,120,0
120,120,0
121,120,1
121,120,1
120,120,0
120,120,0
120,120,0
121,120,1
122,121,1
122,121,1
121,121,0
120,121,-1
119,120,-1
120,120,0
121,120,1
121,120,1
121,121,0
121,121,0
120,121,-1
120,121,-1
119,121,-2
119,121,-2
120,121,-1
120,121,-1
121,121,0
121,121,0
121,120,1
121,120,1
121,121,0
121,121,0
122,121,1
121,121,0
120,121,-1
119,121,-2
119,121,-2
120,120,0
121,120,1
121,120,1
121,120,1
120,120,0
120,120,0
120,120,0
120,120,0
120,120,0
120,120,0
120,121,-1
120,121,-1
121,121,0
121,121,0
121,121,0
120,121,-1
121,121,0
122,122,0
123,122,1
123,122,1
123,122,1
122,122,0
122,122,0
122,122,0
122,122,0
122,122,0
122,122,0
121,122,-1
121,121,0
120,121,-1
120,121,-1
120,121,-1
121,121,0
122,120,2
121,120,1
121,120,1
120,120,0
119,120,-1
119,120,-1
120,120,0
120,119,1
120,119,1
119,119,0
119,119,0
119,119,0
119,119,0
119,119,0
118,119,-1
118,119,-1
118,119,-1
118,119,-1
119,119,0
119,119,0
119,119,0
119,119,0
119,119,0
119,119,0
119,119,0
119,119,0
119,119,0
119,119,0
119,119,0
119,119,0
120,119,1
121,119,2
121,119,2
121,119,2
120,119,1
120,119,1
120,119,1
120,119,1
120,119,1
119,119,0
118,119,-1
118,119,-1
118,119,-1
118,119,-1
119,119,0
119,119,0
119,118,1
117,118,-1
116,118,-2
117,118,-1
118,119,-1
120,119,1
120,119,1
119,119,0
118,119,-1
118,120,-2
119,120,-1
120,120,0
121,120,1
121,120,1
121,120,1
120,120,0
120,120,0
120,120,0
121,120,1
121,120,1
121,120,1
120,121,-1
120,121,-1
120,121,-1
120,121,-1
120,121,-1
120,121,-1
121,121,0
121,121,0
122,121,1
122,121,1
122,121,1
121,121,0
121,121,0
121,121,0
121,121,0
121,121,0
122,121,1
122,121,1
121,121,0
120,121,-1
119,121,-2
119,121,-2
120,121,-1
120,121,-1
120,121,-1
120,121,-1
120,121,-1
120,121,-1
121,121,0
121,121,0
121,121,0
122,121,1
122,121,1
122,121,1
121,121,0
121,121,0
121,121,0
121,121,0
121,121,0
121,121,0
122,121,1
122,121,1
122,121,1
121,121,0
120,121,-1
121,121,0
121,122,-1
121,122,-1
121,122,-1
122,122,0
122,122,0
122,122,0
122,122,0
122,122,0
123,122,1
123,122,1
123,122,1
122,122,0
122,122,0
122,123,-1
123,123,0
123,123,0
123,123,0
122,123,-1
122,123,-1
123,123,0
123,123,0
123,123,0
123,123,0
123,123,0
124,123,1
124,123,1
123,123,0
123,123,0
123,123,0
123,123,0
123,123,0
122,123,-1
122,123,-1
123,123,0
124,123,1
124,123,1
123,123,0
122,123,-1
122,123,-1
123,122,1
123,122,1
123,122,1
123,122,1
122,122,0
122,122,0
122,122,0
122,122,0
122,122,0
122,122,0
122,122,0
122,122,0
123,122,1
123,122,1
122,122,0
122,122,0
121,123,-2
122,123,-1
123,123,0
124,123,1
123,123,0
123,123,0
124,123,1
126,123,3
126,123,3
125,123,2
123,123,0
123,123,0
123,123,0
123,123,0
123,123,0
122,123,-1
123,123,0
123,123,0
122,122,0
121,122,-1
121,122,-1
121,122,-1
122,122,0
122,122,0
122,122,0
122,122,0
123,122,1
122,122,0
122,122,0
122,122,0
124,122,2
125,122,3
124,122,2
122,123,-1
122,123,-1
123,123,0
124,122,2
123,123,0
121,123,-2
121,123,-2
123,123,0
124,123,1
123,123,0
121,123,-2
121,123,-2
122,123,-1
123,123,0
122,123,-1
121,123,-2
123,123,0
126,122,4
125,122,3
120,121,-1
119,121,-2
125,121,4
132,120,12
126,119,7
100,100,0
64,64,0
38,44,-6
32,42,-10
38,42,-4
44,41,3
42,41,1
37,40,-3
37,40,-3
40,39,1
42,39,3
40,39,1
38,39,-1
39,39,0
41,40,1
41,40,1
39,40,-1
38,40,-2
39,40,-1
41,40,1
41,40,1
39,40,-1
38,40,-2
40,40,0
41,40,1
40,40,0
38,40,-2
39,40,-1
41,40,1
41,40,1
40,40,0
38,40,-2
39,40,-1
41,40,1
41,40,1
39,40,-1
38,40,-2
40,40,0
42,40,2
41,40,1
37,40,-3
38,41,-3
42,41,1
44,41,3
39,42,-3
33,42,-9
38,44,-6
61,61,0