VALUE,MEDIAN,DIFF
31,31,0
38,35,3
40,36,4
37,36,1
35,36,-1
36,37,-1
38,37,1
39,37,2
38,37,1
36,38,-2
36,38,-2
38,38,0
40,38,2
39,38,1
37,38,-1
36,38,-2
36,38,-2
38,38,0
39,38,1
39,39,0
39,39,0
39,39,0
39,39,0
39,39,0
38,39,-1
37,39,-2
38,39,-1
39,39,0
40,39,1
39,39,0
39,39,0
38,38,0
38,38,0
37,38,-1
36,38,-2
36,38,-2
37,38,-1
39,38,1
39,38,1
39,38,1
38,38,0
36,38,-2
36,38,-2
36,38,-2
38,38,0
39,39,0
40,39,1
39,38,1
38,38,0
37,38,-1
37,38,-1
39,38,1
40,38,2
40,38,2
39,38,1
38,38,0
37,38,-1
37,38,-1
37,38,-1
38,38,0
39,39,0
39,38,1
38,38,0
37,38,-1
36,38,-2
37,38,-1
39,38,1
40,38,2
40,38,2
39,38,1
38,38,0
38,38,0
39,38,1
39,38,1
38,38,0
37,38,-1
37,38,-1
37,38,-1
38,38,0
37,38,-1
37,39,-2
38,39,-1
40,39,1
42,38,4
42,39,3
40,39,1
39,40,-1
40,40,0
41,40,1
42,40,2
40,40,0
38,40,-2
38,40,-2
39,40,-1
40,40,0
41,40,1
41,41,0
41,41,0
41,40,1
41,40,1
40,40,0
39,40,-1
40,41,-1
42,41,1
43,41,2
42,41,1
40,41,-1
38,41,-3
38,41,-3
39,40,-1
41,41,0
42,41,1
42,41,1
42,41,1
42,41,1
41,40,1
39,41,-2
38,41,-3
39,41,-2
41,41,0
42,41,1
41,41,0
40,41,-1
39,41,-2
39,41,-2
41,41,0
42,41,1
43,41,2
43,41,2
42,41,1
40,41,-1
38,41,-3
39,41,-2
41,41,0
43,41,2
43,42,1
42,42,0
41,41,0
41,41,0
42,41,1
42,41,1
41,41,0
41,41,0
41,41,0
42,41,1
42,41,1
41,41,0
41,41,0
41,41,0
42,41,1
42,41,1
41,41,0
40,41,-1
40,41,-1
41,41,0
41,41,0
41,41,0
41,41,0
41,41,0
41,41,0
42,41,1
42,41,1
42,41,1
41,41,0
42,41,1
42,41,1
43,41,2
42,41,1
41,41,0
40,41,-1
41,41,0
42,41,1
42,41,1
41,41,0
39,41,-2
38,41,-3
38,41,-3
39,41,-2
40,41,-1
41,41,0
42,41,1
42,41,1
41,41,0
41,41,0
41,41,0
41,41,0
42,41,1
42,41,1
42,41,1
41,41,0
41,41,0
40,41,-1
40,41,-1
39,41,-2
39,41,-2
40,41,-1
41,41,0
41,41,0
41,41,0
40,41,-1
41,41,0
42,41,1
42,41,1
42,41,1
42,41,1
42,41,1
41,41,0
41,41,0
40,41,-1
40,41,-1
41,41,0
42,41,1
42,41,1
41,41,0
40,40,0
40,40,0
40,40,0
40,40,0
39,40,-1
38,40,-2
39,40,-1
41,40,1
41,40,1
40,40,0
39,39,0
38,39,-1
39,39,0
39,39,0
39,39,0
40,39,1
40,40,0
40,40,0
39,39,0
38,39,-1
38,39,-1
39,39,0
40,39,1
41,40,1
41,40,1
41,39,2
40,39,1
38,39,-1
36,39,-3
37,39,-2
39,39,0
41,39,2
41,39,2
39,39,0
37,39,-2
37,38,-1
39,38,1
39,38,1
38,38,0
37,38,-1
38,38,0
39,38,1
39,38,1
38,38,0
37,38,-1
37,38,-1
38,38,0
38,38,0
37,38,-1
37,38,-1
38,38,0
40,38,2
40,38,2
38,38,0
37,38,-1
38,38,0
40,38,2
40,38,2
39,38,1
38,38,0
38,39,-1
39,39,0
39,39,0
37,39,-2
36,39,-3
37,39,-2
38,39,-1
40,39,1
41,39,2
41,40,1
40,40,0
39,40,-1
39,40,-1
40,40,0
41,40,1
42,40,2
42,40,2
41,41,0
40,40,0
39,40,-1
39,40,-1
40,40,0
40,41,-1
41,41,0
42,41,1
42,41,1
41,41,0
40,41,-1
39,42,-3
40,42,-2
42,42,0
43,42,1
42,42,0
42,42,0
42,42,0
43,42,1
43,42,1
43,42,1
42,42,0
41,42,-1
42,42,0
43,42,1
43,42,1
42,42,0
42,42,0
42,42,0
42,42,0
43,42,1
43,42,1
43,42,1
42,42,0
42,42,0
42,42,0
42,42,0
42,42,0
42,42,0
42,42,0
42,42,0
42,42,0
41,42,-1
41,42,-1
41,42,-1
42,42,0
43,42,1
43,42,1
42,42,0
41,42,-1
41,42,-1
41,42,-1
42,42,0
42,42,0
43,42,1
43,43,0
43,43,0
42,42,0
42,42,0
42,42,0
43,43,0
43,43,0
43,43,0
43,43,0
43,43,0
43,43,0
42,42,0
42,42,0
42,43,-1
43,43,0
43,43,0
43,42,1
42,42,0
41,42,-1
41,42,-1
42,42,0
42,42,0
43,42,1
43,42,1
42,42,0
42,42,0
42,42,0
43,42,1
44,42,2
44,42,2
43,42,1
42,42,0
42,42,0
42,42,0
44,42,2
44,42,2
43,43,0
42,42,0
42,42,0
42,42,0
42,42,0
42,42,0
42,42,0
43,42,1
44,42,2
43,42,1
42,42,0
41,42,-1
41,42,-1
42,42,0
43,42,1
43,42,1
43,42,1
42,42,0
41,42,-1
40,42,-2
40,41,-1
42,42,0
43,42,1
43,42,1
42,42,0
41,42,-1
40,41,-1
40,41,-1
40,41,-1
41,42,-1
42,42,0
43,42,1
43,41,2
42,41,1
41,41,0
41,41,0
41,41,0
42,41,1
43,41,2
42,41,1
41,41,0
41,41,0
41,41,0
40,41,-1
40,41,-1
40,41,-1
41,41,0
42,41,1
42,41,1
40,41,-1
40,40,0
41,40,1
42,40,2
41,41,0
40,41,-1
39,41,-2
39,41,-2
40,41,-1
41,41,0
40,41,-1
41,41,0
41,41,0
42,41,1
41,40,1
41,41,0
40,41,-1
41,41,0
42,41,1
41,41,0
40,41,-1
39,41,-2
39,41,-2
40,40,0
41,40,1
41,40,1
41,41,0
41,40,1
40,40,0
39,40,-1
38,40,-2
39,40,-1
40,41,-1
41,41,0
41,41,0
41,40,1
40,40,0
39,40,-1
40,41,-1
41,41,0
42,41,1
42,41,1
41,41,0
40,41,-1
40,41,-1
41,41,0
42,41,1
42,41,1
42,42,0
42,42,0
42,41,1
41,41,0
41,41,0
40,42,-2
41,42,-1
42,42,0
43,42,1
43,42,1
41,42,-1
41,42,-1
41,42,-1
42,42,0
42,42,0
42,42,0
41,42,-1
42,42,0
43,42,1
43,42,1
42,42,0
41,42,-1
41,42,-1
42,42,0
43,42,1
42,42,0
42,42,0
42,42,0
42,42,0
42,42,0
42,42,0
42,42,0
42,42,0
42,42,0
42,42,0
42,42,0
42,42,0
43,42,1
43,42,1
42,42,0
41,42,-1
41,42,-1
42,42,0
42,42,0
42,42,0
42,42,0
42,42,0
42,42,0
42,41,1
42,41,1
41,41,0
40,41,-1
40,41,-1
40,41,-1
41,41,0
41,41,0
41,41,0
41,41,0
40,41,-1
40,41,-1
41,41,0
41,41,0
42,41,1
41,41,0
41,41,0
41,41,0
42,41,1
42,41,1
42,41,1
42,42,0
42,42,0
41,42,-1
41,42,-1
41,42,-1
41,42,-1
42,42,0
43,42,1
43,42,1
43,42,1
42,42,0
42,42,0
42,42,0
42,42,0
43,42,1
43,43,0
44,43,1
43,42,1
42,42,0
42,42,0
42,42,0
42,42,0
43,42,1
44,42,2
43,42,1
42,42,0
42,42,0
41,42,-1
41,42,-1
42,42,0
42,42,0
43,43,0
43,43,0
43,42,1
43,42,1
42,42,0
42,42,0
42,42,0
43,43,0
43,43,0
43,43,0
43,43,0
42,43,-1
42,43,-1
42,43,-1
42,43,-1
43,43,0
43,43,0
42,42,0
42,42,0
43,42,1
43,42,1
43,42,1
43,42,1
42,42,0
42,42,0
42,42,0
42,42,0
43,42,1
43,43,0
43,42,1
42,42,0
42,42,0
41,42,-1
41,42,-1
42,42,0
43,42,1
43,42,1
43,42,1
42,42,0
41,42,-1
41,42,-1
41,42,-1
42,42,0
43,42,1
43,42,1
43,42,1
42,42,0
41,42,-1
41,42,-1
41,42,-1
42,42,0
43,42,1
43,43,0
42,43,-1
41,43,-2
41,42,-1
42,42,0
43,43,0
44,43,1
43,43,0
43,43,0
43,43,0
43,43,0
43,43,0
42,43,-1
42,43,-1
43,43,0
43,43,0
43,43,0
43,43,0
43,43,0
43,43,0
44,43,1
44,43,1
44,43,1
43,43,0
42,43,-1
42,43,-1
43,43,0
43,43,0
44,43,1
43,44,-1
43,44,-1
44,43,1
44,43,1
44,43,1
43,43,0
43,44,-1
44,44,0
44,44,0
44,44,0
44,44,0
43,44,-1
43,43,0
43,43,0
44,43,1
44,44,0
44,44,0
43,43,0
43,43,0
42,43,-1
42,43,-1
43,43,0
44,43,1
45,43,2
44,43,1
43,43,0
43,43,0
44,43,1
44,43,1
44,43,1
43,43,0
43,43,0
43,43,0
43,43,0
43,43,0
42,43,-1
43,43,0
44,43,1
44,43,1
44,43,1
43,43,0
43,43,0
43,43,0
44,43,1
45,43,2
44,43,1
43,43,0
43,43,0
43,43,0
43,43,0
42,43,-1
42,43,-1
43,43,0
44,43,1
44,43,1
43,43,0
43,43,0
42,43,-1
43,43,0
44,43,1
44,43,1
44,43,1
44,43,1
44,43,1
44,43,1
43,43,0
43,43,0
43,43,0
43,43,0
43,43,0
42,43,-1
42,43,-1
43,43,0
44,43,1
44,43,1
43,43,0
42,43,-1
42,43,-1
44,43,1
45,43,2
45,43,2
44,43,1
42,43,-1
42,43,-1
42,43,-1
42,43,-1
42,43,-1
43,43,0
44,43,1
45,43,2
45,43,2
43,43,0
42,43,-1
42,43,-1
43,43,0
43,43,0
43,43,0
43,43,0
42,43,-1
42,43,-1
43,43,0
43,43,0
43,43,0
43,43,0
43,43,0
43,43,0
43,43,0
43,43,0
43,43,0
43,43,0
43,43,0
43,43,0
44,43,1
44,43,1
43,43,0
42,43,-1
42,43,-1
42,43,-1
43,43,0
43,43,0
42,43,-1
41,42,-1
41,42,-1
41,42,-1
42,42,0
42,42,0
43,42,1
43,42,1
43,42,1
43,42,1
42,42,0
42,42,0
42,42,0
42,42,0
43,42,1
42,42,0
42,42,0
41,42,-1
41,42,-1
42,42,0
42,43,-1
43,43,0
43,43,0
43,43,0
43,43,0
43,43,0
43,43,0
43,43,0
43,43,0
43,43,0
43,43,0
42,43,-1
42,43,-1
42,42,0
42,42,0
42,42,0
43,42,1
43,42,1
42,42,0
42,42,0
42,42,0
42,42,0
42,42,0
42,42,0
42,42,0
43,42,1
43,42,1
43,42,1
43,42,1
42,43,-1
42,43,-1
43,43,0
43,43,0
43,43,0
42,43,-1
42,43,-1
43,43,0
44,43,1
44,43,1
44,43,1
44,43,1
44,43,1
43,43,0
43,43,0
43,43,0
43,43,0
43,43,0
43,43,0
43,43,0
43,43,0
43,43,0
42,43,-1
42,43,-1
42,43,-1
42,43,-1
43,43,0
44,43,1
44,43,1
43,43,0
43,43,0
43,43,0
43,43,0
44,44,0
44,44,0
44,44,0
45,44,1
44,44,0
44,44,0
43,44,-1
43,44,-1
44,44,0
44,44,0
44,44,0
44,44,0
44,44,0
44,44,0
43,44,-1
43,44,-1
43,44,-1
43,44,-1
44,44,0
45,44,1
44,44,0
43,44,-1
43,43,0
44,43,1
44,43,1
44,43,1
43,43,0
43,44,-1
43,43,0
44,43,1
44,43,1
43,43,0
42,43,-1
42,43,-1
43,43,0
44,43,1
44,43,1
43,43,0
43,43,0
43,43,0
43,43,0
42,43,-1
42,43,-1
41,43,-2
42,43,-1
44,43,1
44,43,1
44,43,1
43,43,0
42,43,-1
42,43,-1
42,43,-1
43,43,0
44,43,1
44,43,1
43,43,0
43,43,0
42,43,-1
42,42,0
43,42,1
43,42,1
43,43,0
43,43,0
42,42,0
41,42,-1
41,42,-1
42,42,0
42,42,0
42,42,0
42,42,0
43,42,1
43,42,1
42,42,0
42,42,0
42,42,0
42,42,0
42,42,0
42,42,0
42,42,0
42,42,0
43,42,1
43,42,1
43,42,1
43,42,1
43,42,1
43,42,1
43,42,1
42,42,0
42,42,0
42,43,-1
42,42,0
41,42,-1
40,42,-2
40,42,-2
41,42,-1
42,42,0
43,42,1
43,42,1
43,42,1
42,42,0
41,41,0
41,41,0
41,42,-1
41,42,-1
42,42,0
43,42,1
43,42,1
42,42,0
41,42,-1
41,42,-1
41,42,-1
42,42,0
42,42,0
42,42,0
42,42,0
42,42,0
42,42,0
42,42,0
42,42,0
42,42,0
42,42,0
42,42,0
42,42,0
42,42,0
41,42,-1
41,42,-1
42,42,0
43,42,1
43,42,1
43,42,1
42,42,0
42,42,0
42,42,0
42,42,0
42,42,0
43,42,1
43,43,0
43,42,1
43,42,1
43,42,1
42,42,0
42,42,0
42,42,0
42,42,0
43,42,1
43,42,1
42,42,0
42,42,0
42,42,0
42,42,0
42,42,0
42,42,0
42,42,0
41,42,-1
42,42,0
42,42,0
43,42,1
42,42,0
42,42,0
42,42,0
42,42,0
42,42,0
42,42,0
43,42,1
43,42,1
43,42,1
43,42,1
42,42,0
41,43,-2
41,43,-2
42,43,-1
42,43,-1
43,43,0
43,43,0
43,43,0
43,43,0
43,43,0
43,43,0
43,43,0
43,43,0
44,43,1
44,43,1
43,43,0
42,43,-1
42,43,-1
43,42,1
43,42,1
42,42,0
41,42,-1
41,42,-1
42,42,0
42,42,0
42,42,0
42,42,0
42,42,0
42,42,0
43,42,1
43,42,1
42,42,0
42,42,0
41,42,-1
41,42,-1
41,42,-1
42,42,0
42,42,0
42,42,0
42,42,0
41,42,-1
42,42,0
42,42,0
43,43,0
43,43,0
43,43,0
43,43,0
43,43,0
43,43,0
43,43,0
43,43,0
43,43,0
43,43,0
43,43,0
42,43,-1
42,43,-1
43,43,0
43,43,0
43,43,0
43,43,0
43,43,0
43,43,0
43,43,0
43,43,0
43,43,0
43,43,0
44,43,1
43,43,0
43,43,0
42,43,-1
42,43,-1
43,43,0
44,43,1
44,43,1
43,43,0
43,43,0
43,43,0
43,43,0
42,43,-1
42,43,-1
42,43,-1
43,43,0
44,43,1
43,42,1
42,42,0
42,42,0
42,42,0
43,42,1
43,42,1
42,42,0
42,42,0
42,42,0
42,42,0
41,42,-1
41,42,-1
42,42,0
43,42,1
44,42,2
43,42,1
42,42,0
41,42,-1
42,42,0
43,42,1
44,42,2
43,42,1
42,43,-1
41,43,-2
41,43,-2
42,42,0
44,42,2
44,42,2
43,43,0
42,43,-1
42,43,-1
43,43,0
43,43,0
43,43,0
42,43,-1
42,43,-1
42,42,0
43,42,1
44,42,2
43,42,1
43,42,1
42,42,0
42,42,0
42,42,0
42,42,0
42,42,0
42,42,0
42,42,0
42,42,0
42,42,0
43,42,1
43,42,1
43,42,1
43,43,0
43,43,0
42,43,-1
43,43,0
43,43,0
43,43,0
42,43,-1
42,43,-1
43,43,0
43,42,1
43,42,1
43,42,1
42,42,0
42,42,0
42,42,0
42,42,0
42,42,0
42,42,0
42,42,0
42,42,0
43,42,1
43,42,1
42,42,0
42,42,0
41,43,-2
42,43,-1
43,43,0
43,43,0
43,43,0
43,43,0
43,43,0
43,43,0
43,43,0
43,43,0
42,43,-1
42,43,-1
43,43,0
43,43,0
42,43,-1
41,43,-2
41,43,-2
42,42,0
43,42,1
42,42,0
42,42,0
42,43,-1
43,42,1
44,42,2
44,42,2
43,43,0
42,43,-1
42,43,-1
43,43,0
44,43,1
43,43,0
42,43,-1
42,43,-1
43,43,0
43,43,0
43,43,0
43,43,0
43,43,0
43,43,0
43,43,0
43,43,0
42,43,-1
42,43,-1
42,43,-1
42,43,-1
42,43,-1
42,43,-1
43,43,0
44,42,2
44,42,2
43,42,1
41,42,-1
41,42,-1
42,43,-1
43,43,0
43,43,0
43,43,0
42,43,-1
42,42,0
42,42,0
43,42,1
43,42,1
43,43,0
43,43,0
42,42,0
42,42,0
41,42,-1
41,42,-1
42,43,-1
43,43,0
44,43,1
43,43,0
42,43,-1
42,43,-1
42,43,-1
43,43,0
43,43,0
43,43,0
43,43,0
44,43,1
44,43,1
44,43,1
43,43,0
43,43,0
43,43,0
44,43,1
44,43,1
43,43,0
43,43,0
43,43,0
43,43,0
43,43,0
43,43,0
43,43,0
43,43,0
43,43,0
43,43,0
42,43,-1
42,43,-1
42,43,-1
42,43,-1
42,43,-1
42,43,-1
43,43,0
44,42,2
44,42,2
43,42,1
42,43,-1
42,43,-1
43,43,0
43,43,0
43,43,0
42,43,-1
42,43,-1
43,43,0
43,43,0
43,43,0
43,43,0
43,43,0
43,43,0
43,43,0
43,43,0
43,43,0
42,43,-1
42,43,-1
42,43,-1
42,43,-1
42,43,-1
43,43,0
44,43,1
44,43,1
43,43,0
42,43,-1
42,43,-1
43,43,0
43,43,0
43,43,0
42,43,-1
43,43,0
43,43,0
43,42,1
42,42,0
42,42,0
42,42,0
43,42,1
43,42,1
42,42,0
41,42,-1
41,42,-1
41,42,-1
41,42,-1
41,42,-1
41,42,-1
42,42,0
43,42,1
43,41,2
42,41,1
41,41,0
41,42,-1
42,42,0
43,42,1
43,42,1
42,42,0
41,42,-1
41,42,-1
41,42,-1
42,42,0
42,42,0
42,42,0
41,42,-1
41,42,-1
42,42,0
42,42,0
42,42,0
42,42,0
41,42,-1
41,42,-1
42,42,0
43,42,1
43,42,1
42,42,0
42,42,0
42,42,0
43,42,1
42,42,0
42,42,0
42,42,0
42,42,0
42,42,0
42,42,0
42,42,0
41,42,-1
41,42,-1
41,42,-1
41,42,-1
41,42,-1
42,42,0
42,42,0
43,42,1
42,42,0
42,42,0
41,42,-1
41,42,-1
41,42,-1
41,42,-1
42,42,0
42,42,0
42,42,0
42,42,0
42,42,0
42,42,0
42,42,0
42,42,0
42,42,0
42,42,0
42,42,0
43,42,1
43,42,1
43,42,1
43,43,0
43,43,0
43,43,0
43,43,0
43,43,0
42,43,-1
42,43,-1
42,43,-1
43,43,0
43,43,0
43,43,0
42,43,-1
42,43,-1
42,43,-1
43,43,0
43,43,0
43,43,0
43,43,0
43,43,0
43,43,0
43,43,0
43,43,0
42,43,-1
42,43,-1
42,43,-1
42,43,-1
42,42,0
43,42,1
43,42,1
43,42,1
43,42,1
42,42,0
42,43,-1
42,43,-1
42,43,-1
42,43,-1
43,43,0
43,43,0
43,43,0
43,43,0
43,43,0
43,43,0
43,43,0
43,43,0
43,43,0
43,43,0
43,43,0
43,43,0
43,43,0
43,43,0
42,43,-1
43,43,0
43,43,0
43,43,0
43,43,0
43,43,0
43,43,0
43,43,0
43,43,0
43,43,0
43,43,0
43,43,0
43,43,0
42,43,-1
42,43,-1
42,43,-1
43,43,0
43,43,0
43,43,0
43,43,0
44,43,1
44,43,1
44,43,1
43,43,0
43,43,0
42,43,-1
43,43,0
43,43,0
44,43,1
44,43,1
44,43,1
43,43,0
43,43,0
43,43,0
44,43,1
44,43,1
43,43,0
42,43,-1
42,43,-1
42,43,-1
43,43,0
44,43,1
43,43,0
43,43,0
42,43,-1
42,43,-1
43,43,0
43,43,0
43,43,0
43,43,0
43,43,0
43,43,0
43,43,0
43,43,0
44,43,1
44,43,1
43,43,0
43,43,0
43,43,0
43,43,0
44,43,1
44,43,1
44,44,0
44,44,0
44,43,1
43,43,0
43,43,0
43,43,0
43,43,0
44,43,1
44,43,1
44,43,1
43,43,0
43,43,0
43,43,0
43,43,0
43,43,0
43,43,0
43,43,0
43,43,0
43,43,0
43,43,0
43,43,0
43,43,0
44,43,1
44,43,1
44,43,1
43,43,0
43,43,0
44,43,1
44,43,1
44,43,1
43,43,0
43,43,0
44,43,1
44,43,1
43,43,0
42,43,-1
42,43,-1
43,43,0
43,43,0
43,43,0
43,43,0
43,43,0
43,43,0
43,43,0
42,43,-1
42,43,-1
43,43,0
43,43,0
44,43,1
43,43,0
43,43,0
43,44,-1
44,44,0
44,44,0
44,44,0
44,44,0
44,44,0
44,44,0
45,44,1
45,44,1
45,44,1
45,44,1
45,44,1
45,44,1
45,44,1
44,44,0
44,44,0
44,44,0
44,44,0
44,44,0
43,44,-1
43,44,-1
44,44,0
44,44,0
44,44,0
44,44,0
44,44,0
44,44,0
44,44,0
43,44,-1
44,44,0
44,44,0
45,44,1
45,44,1
44,44,0
44,44,0
44,44,0
44,44,0
44,44,0
43,44,-1
43,44,-1
44,44,0
45,44,1
45,44,1
43,44,-1
42,44,-2
41,44,-3
43,44,-1
44,44,0
44,44,0
44,44,0
44,44,0
44,44,0
44,44,0
44,44,0
44,44,0
44,44,0
44,44,0
44,44,0
44,44,0
43,44,-1
44,44,0
45,44,1
45,44,1
45,44,1
44,44,0
44,44,0
44,44,0
43,44,-1
43,44,-1
43,44,-1
44,44,0
44,44,0
43,44,-1
43,44,-1
43,44,-1
44,44,0
45,43,2
45,44,1
44,44,0
43,44,-1
43,44,-1
44,44,0
44,44,0
44,44,0
43,44,-1
43,44,-1
44,44,0
44,44,0
44,44,0
44,44,0
44,44,0
45,44,1
44,44,0
44,44,0
44,44,0
44,44,0
44,44,0
44,44,0
45,44,1
45,44,1
45,44,1
45,44,1
44,44,0
44,44,0
45,44,1
45,44,1
45,44,1
44,45,-1
44,45,-1
44,44,0
45,44,1
44,44,0
44,44,0
44,44,0
44,44,0
45,44,1
45,44,1
45,44,1
44,44,0
44,44,0
44,44,0
44,44,0
44,44,0
44,44,0
44,44,0
44,44,0
44,44,0
44,44,0
44,44,0
44,44,0
44,44,0
45,44,1
45,44,1
44,44,0
44,44,0
44,44,0
44,44,0
45,44,1
44,44,0
44,44,0
43,44,-1
43,44,-1
43,44,-1
43,44,-1
44,43,1
44,43,1
44,43,1
44,43,1
43,43,0
43,43,0
43,43,0
43,43,0
42,43,-1
42,43,-1
41,43,-2
42,43,-1
43,43,0
44,43,1
44,43,1
43,43,0
42,43,-1
42,43,-1
42,43,-1
43,43,0
44,43,1
44,43,1
44,43,1
44,43,1
43,43,0
42,42,0
41,43,-2
41,43,-2
43,43,0
44,43,1
43,43,0
42,43,-1
42,43,-1
42,43,-1
42,43,-1
43,43,0
43,43,0
43,43,0
44,43,1
44,43,1
44,43,1
43,44,-1
42,44,-2
43,44,-1
44,44,0
44,44,0
44,44,0
44,44,0
44,44,0
44,44,0
44,44,0
44,44,0
44,44,0
44,44,0
44,44,0
44,44,0
44,44,0
44,44,0
45,44,1
45,44,1
44,44,0
43,44,-1
43,44,-1
44,44,0
44,44,0
44,44,0
43,44,-1
42,44,-2
43,44,-1
44,44,0
44,43,1
44,43,1
44,43,1
43,43,0
44,43,1
44,43,1
43,43,0
43,43,0
43,43,0
43,43,0
43,43,0
43,43,0
43,43,0
43,43,0
42,43,-1
42,43,-1
42,43,-1
42,43,-1
43,43,0
44,43,1
44,43,1
44,43,1
44,43,1
43,43,0
43,43,0
43,43,0
43,44,-1
44,44,0
44,44,0
44,44,0
44,44,0
43,43,0
43,43,0
43,43,0
44,43,1
44,43,1
44,44,0
44,44,0
43,43,0
43,43,0
43,43,0
43,43,0
43,43,0
43,44,-1
44,44,0
44,44,0
44,44,0
43,44,-1
43,44,-1
43,44,-1
44,44,0
44,44,0
44,44,0
44,44,0
45,44,1
44,43,1
44,43,1
43,43,0
42,44,-2
43,44,-1
43,44,-1
44,44,0
43,44,-1
43,44,-1
43,44,-1
43,43,0
44,43,1
44,43,1
44,44,0
44,44,0
44,44,0
44,44,0
44,44,0
43,44,-1
43,44,-1
43,44,-1
44,44,0
44,44,0
44,44,0
44,44,0
44,44,0
44,44,0
43,44,-1
43,44,-1
42,44,-2
43,44,-1
44,44,0
44,44,0
44,44,0
44,44,0
43,44,-1
43,44,-1
44,44,0
44,44,0
44,44,0
44,44,0
45,44,1
45,44,1
44,44,0
43,44,-1
43,44,-1
44,44,0
44,44,0
44,44,0
44,44,0
43,44,-1
43,44,-1
44,44,0
44,44,0
44,44,0
44,44,0
43,44,-1
43,44,-1
44,44,0
44,44,0
43,44,-1
43,44,-1
44,44,0
44,43,1
44,43,1
44,43,1
44,43,1
43,44,-1
43,43,0
43,43,0
43,43,0
43,43,0
43,43,0
43,43,0
44,43,1
44,43,1
44,43,1
43,43,0
43,43,0
43,43,0
43,43,0
44,44,0
44,44,0
44,44,0
43,44,-1
43,43,0
43,43,0
44,43,1
44,44,0
44,44,0
44,44,0
44,43,1
43,43,0
43,43,0
43,43,0
43,43,0
44,43,1
44,43,1
43,43,0
43,43,0
43,43,0
44,43,1
44,43,1
43,43,0
43,43,0
43,44,-1
44,44,0
44,44,0
44,44,0
44,44,0
43,44,-1
43,44,-1
43,44,-1
44,44,0
44,44,0
45,44,1
45,44,1
44,44,0
44,44,0
44,44,0
43,44,-1
44,44,0
44,44,0
44,44,0
44,44,0
44,44,0
44,44,0
44,44,0
44,44,0
44,44,0
44,44,0
44,44,0
44,44,0
44,44,0
44,44,0
43,44,-1
43,44,-1
44,44,0
45,44,1
45,44,1
45,44,1
45,44,1
44,44,0
43,44,-1
43,44,-1
44,44,0
44,44,0
45,44,1
45,44,1
45,44,1
44,44,0
44,44,0
44,44,0
44,44,0
44,44,0
44,44,0
44,44,0
44,44,0
44,44,0
45,44,1
44,44,0
44,44,0
44,44,0
44,44,0
44,44,0
44,44,0
44,44,0
44,44,0
44,44,0
45,44,1
45,44,1
45,44,1
44,44,0
44,44,0
44,44,0
44,44,0
44,44,0
44,44,0
44,44,0
45,44,1
45,44,1
44,44,0
44,44,0
44,44,0
45,44,1
45,45,0
44,45,-1
44,45,-1
44,45,-1
45,45,0
45,45,0
45,45,0
45,45,0
45,45,0
45,45,0
45,45,0
45,45,0
45,45,0
45,45,0
45,45,0
45,45,0
44,45,-1
44,45,-1
45,45,0
45,45,0
45,45,0
45,45,0
45,45,0
45,45,0
45,45,0
44,45,-1
44,45,-1
44,45,-1
45,45,0
45,45,0
45,45,0
45,44,1
44,44,0
44,44,0
44,44,0
44,44,0
44,44,0
45,44,1
45,44,1
44,44,0
44,44,0
44,44,0
44,44,0
44,44,0
44,44,0
44,44,0
45,45,0
45,45,0
45,45,0
45,45,0
44,45,-1
44,45,-1
45,45,0
45,45,0
45,45,0
45,45,0
45,45,0
45,45,0
44,45,-1
44,45,-1
43,45,-2
44,45,-1
45,45,0
46,45,1
45,45,0
44,45,-1
44,45,-1
44,44,0
45,45,0
45,45,0
45,45,0
45,45,0
45,45,0
45,45,0
44,45,-1
44,45,-1
44,45,-1
45,45,0
45,45,0
45,45,0
45,45,0
45,45,0
45,45,0
45,44,1
45,44,1
44,45,-1
44,45,-1
44,45,-1
44,45,-1
45,45,0
44,45,-1
44,44,0
44,44,0
44,44,0
45,44,1
45,44,1
45,44,1
45,44,1
45,44,1
44,44,0
44,44,0
44,44,0
44,44,0
44,44,0
44,44,0
44,44,0
44,44,0
44,44,0
44,44,0
44,44,0
44,44,0
44,44,0
45,44,1
45,44,1
45,44,1
45,45,0
45,45,0
45,45,0
45,45,0
45,45,0
44,45,-1
44,45,-1
44,45,-1
45,45,0
45,45,0
45,45,0
44,45,-1
44,45,-1
45,45,0
45,45,0
45,45,0
45,45,0
45,45,0
44,45,-1
45,45,0
45,45,0
45,45,0
45,45,0
45,45,0
45,45,0
45,45,0
44,45,-1
44,45,-1
44,45,-1
45,45,0
45,45,0
45,45,0
45,45,0
45,45,0
45,45,0
44,45,-1
44,45,-1
44,45,-1
44,45,-1
44,45,-1
45,45,0
45,45,0
45,45,0
45,45,0
45,45,0
45,45,0
44,45,-1
44,45,-1
44,45,-1
45,45,0
45,45,0
45,45,0
45,45,0
45,45,0
45,45,0
45,45,0
45,45,0
44,45,-1
44,45,-1
45,45,0
45,45,0
45,45,0
45,45,0
44,45,-1
44,45,-1
44,45,-1
45,45,0
45,45,0
44,45,-1
44,44,0
44,44,0
44,44,0
45,44,1
45,44,1
45,44,1
45,45,0
44,44,0
44,44,0
44,44,0
44,44,0
44,44,0
45,45,0
45,45,0
45,45,0
45,44,1
44,44,0
44,44,0
44,44,0
44,44,0
45,44,1
45,44,1
45,44,1
45,44,1
44,44,0
44,44,0
44,44,0
44,44,0
44,44,0
44,44,0
45,44,1
45,44,1
44,44,0
44,44,0
43,44,-1
43,44,-1
44,44,0
45,44,1
45,44,1
44,44,0
44,44,0
44,44,0
45,44,1
45,44,1
44,44,0
44,44,0
44,44,0
45,44,1
45,44,1
44,44,0
44,44,0
44,44,0
44,44,0
44,44,0
44,44,0
44,44,0
44,44,0
44,44,0
43,44,-1
43,44,-1
43,44,-1
44,44,0
45,44,1
45,44,1
45,44,1
44,44,0
44,44,0
44,44,0
44,44,0
44,44,0
44,44,0
44,44,0
44,44,0
44,44,0
44,44,0
44,44,0
44,44,0
44,44,0
44,44,0
44,44,0
44,44,0
44,44,0
45,44,1
45,44,1
44,44,0
44,44,0
44,44,0
45,45,0
45,45,0
45,45,0
45,45,0
45,45,0
45,45,0
45,45,0
44,45,-1
44,45,-1
45,45,0
45,45,0
45,45,0
45,45,0
45,45,0
45,45,0
45,45,0
45,45,0
44,45,-1
44,45,-1
45,45,0
45,45,0
45,45,0
45,45,0
44,45,-1
44,45,-1
44,45,-1
45,45,0
45,45,0
45,45,0
45,45,0
45,45,0
45,45,0
45,45,0
45,45,0
45,45,0
45,45,0
45,45,0
45,45,0
45,45,0
45,45,0
45,45,0
45,45,0
45,45,0
45,45,0
45,45,0
46,45,1
46,45,1
45,45,0
45,45,0
44,45,-1
45,45,0
45,45,0
45,45,0
45,45,0
45,45,0
45,45,0
45,45,0
45,45,0
45,45,0
45,45,0
45,45,0
45,45,0
45,45,0
45,45,0
44,45,-1
44,45,-1
45,45,0
45,45,0
45,45,0
45,45,0
45,45,0
45,45,0
45,45,0
45,45,0
45,45,0
45,45,0
45,45,0
45,45,0
45,45,0
44,45,-1
45,45,0
45,45,0
45,45,0
45,45,0
45,45,0
45,45,0
46,45,1
46,45,1
45,45,0
45,45,0
45,45,0
46,45,1
46,45,1
46,45,1
45,46,-1
46,46,0
46,46,0
46,46,0
46,46,0
45,46,-1
45,46,-1
45,46,-1
45,45,0
46,45,1
46,45,1
46,45,1
46,45,1
45,45,0
44,45,-1
44,45,-1
45,45,0
45,45,0
45,45,0
45,45,0
45,45,0
45,45,0
45,45,0
44,45,-1
45,45,0
45,45,0
45,45,0
45,45,0
45,45,0
44,45,-1
45,45,0
45,45,0
45,45,0
45,45,0
45,45,0
45,45,0
45,45,0
45,45,0
44,45,-1
45,45,0
45,45,0
45,45,0
45,45,0
45,45,0
45,45,0
45,45,0
45,45,0
45,45,0
45,45,0
45,45,0
45,45,0
45,45,0
45,45,0
45,45,0
45,45,0
45,45,0
45,45,0
45,45,0
44,45,-1
44,45,-1
44,45,-1
45,45,0
45,45,0
45,45,0
45,45,0
45,45,0
45,45,0
45,45,0
45,45,0
45,45,0
44,45,-1
44,45,-1
44,45,-1
44,45,-1
44,45,-1
45,45,0
45,45,0
45,45,0
45,45,0
45,45,0
44,45,-1
44,45,-1
44,45,-1
44,45,-1
45,45,0
45,45,0
45,45,0
45,45,0
45,45,0
45,45,0
45,45,0
45,45,0
45,45,0
45,45,0
45,45,0
45,45,0
45,45,0
45,45,0
45,45,0
45,45,0
45,45,0
45,45,0
45,45,0
45,45,0
45,45,0
45,45,0
44,45,-1
45,45,0
45,45,0
45,45,0
45,45,0
45,45,0
44,45,-1
44,45,-1
44,45,-1
45,45,0
45,45,0
45,45,0
45,45,0
44,45,-1
44,45,-1
44,45,-1
45,45,0
45,45,0
45,45,0
45,45,0
45,45,0
45,45,0
45,45,0
44,45,-1
44,45,-1
44,45,-1
45,45,0
45,45,0
45,45,0
45,45,0
45,45,0
45,44,1
45,44,1
45,44,1
44,45,-1
44,45,-1
44,45,-1
44,45,-1
44,44,0
44,44,0
44,44,0
44,44,0
45,44,1
45,44,1
45,44,1
45,44,1
44,45,-1
44,45,-1
44,45,-1
45,45,0
45,45,0
45,45,0
44,45,-1
45,45,0
45,45,0
45,45,0
44,45,-1
44,45,-1
44,45,-1
44,45,-1
45,45,0
45,45,0
45,45,0
45,45,0
45,45,0
45,45,0
45,45,0
44,45,-1
45,45,0
45,45,0
45,45,0
45,45,0
44,45,-1
44,45,-1
44,45,-1
44,45,-1
45,45,0
45,45,0
45,45,0
45,45,0
45,45,0
45,45,0
45,45,0
45,45,0
45,45,0
45,45,0
45,45,0
45,45,0
45,45,0
44,45,-1
44,45,-1
44,45,-1
45,45,0
45,45,0
45,45,0
45,45,0
45,45,0
45,45,0
45,44,1
44,44,0
44,44,0
44,45,-1
44,45,-1
45,45,0
45,45,0
44,45,-1
44,44,0
44,44,0
44,44,0
44,44,0
45,44,1
45,44,1
45,44,1
45,44,1
45,44,1
44,44,0
44,44,0
44,44,0
44,44,0
44,45,-1
45,45,0
45,45,0
45,45,0
44,45,-1
44,44,0
44,44,0
44,44,0
45,44,1
45,44,1
45,44,1
45,44,1
45,44,1
45,44,1
44,44,0
44,44,0
44,44,0
44,44,0
44,44,0
44,44,0
44,44,0
44,44,0
44,44,0
44,44,0
45,44,1
45,44,1
44,44,0
45,44,1
45,44,1
45,44,1
45,44,1
44,44,0
44,45,-1
44,45,-1
45,44,1
45,44,1
45,44,1
44,44,0
44,44,0
44,44,0
44,44,0
45,44,1
44,44,0
44,44,0
43,44,-1
44,44,0
45,44,1
46,44,2
45,44,1
44,44,0
44,44,0
44,44,0
45,44,1
44,45,-1
44,45,-1
44,45,-1
44,44,0
45,44,1
45,44,1
45,44,1
45,45,0
45,45,0
45,45,0
44,45,-1
44,45,-1
44,45,-1
44,45,-1
45,45,0
45,45,0
45,45,0
45,45,0
45,45,0
45,45,0
44,45,-1
45,45,0
45,45,0
45,45,0
45,45,0
45,45,0
45,45,0
45,45,0
45,45,0
45,45,0
45,45,0
45,45,0
45,45,0
45,45,0
45,45,0
45,45,0
45,45,0
45,45,0
45,45,0
44,45,-1
45,45,0
45,45,0
45,45,0
44,45,-1
43,45,-2
44,45,-1
45,45,0
45,45,0
45,45,0
44,45,-1
43,45,-2
44,45,-1
44,45,-1
45,45,0
44,45,-1
45,45,0
45,45,0
45,45,0
45,45,0
44,45,-1
45,45,0
45,45,0
45,45,0
45,45,0
44,45,-1
44,45,-1
45,45,0
45,45,0
45,45,0
44,45,-1
44,45,-1
44,45,-1
45,45,0
45,45,0
45,45,0
44,45,-1
45,45,0
45,45,0
45,45,0
45,45,0
44,45,-1
44,45,-1
45,45,0
45,45,0
45,45,0
44,45,-1
45,45,0
45,45,0
45,45,0
44,44,0
44,45,-1
45,45,0
45,45,0
45,45,0
44,45,-1
44,45,-1
44,44,0
44,44,0
44,44,0
45,44,1
45,45,0
45,45,0
45,45,0
44,45,-1
44,45,-1
44,45,-1
44,45,-1
45,45,0
45,45,0
45,45,0
45,45,0
45,45,0
45,44,1
44,44,0
44,45,-1
44,45,-1
45,45,0
45,45,0
45,45,0
44,45,-1
44,45,-1
44,44,0
44,44,0
45,45,0
45,45,0
45,45,0
45,45,0
45,45,0
44,45,-1
44,45,-1
44,45,-1
45,45,0
45,45,0
45,45,0
45,45,0
45,45,0
45,45,0
45,45,0
45,45,0
45,45,0
45,45,0
45,45,0
45,45,0
45,45,0
45,45,0
44,45,-1
44,45,-1
44,45,-1
44,45,-1
44,45,-1
44,45,-1
45,44,1
45,44,1
45,44,1
44,44,0
44,44,0
45,44,1
45,44,1
45,44,1
44,45,-1
44,45,-1
44,44,0
44,44,0
44,44,0
44,44,0
45,44,1
45,44,1
45,44,1
45,44,1
44,44,0
44,44,0
44,44,0
44,44,0
44,45,-1
45,45,0
45,45,0
45,44,1
44,44,0
44,44,0
44,44,0
45,44,1
45,44,1
45,44,1
45,45,0
44,45,-1
44,44,0
44,44,0
44,44,0
44,44,0
44,45,-1
45,44,1
45,44,1
45,44,1
45,44,1
44,44,0
44,44,0
44,44,0
45,45,0
45,45,0
44,45,-1
44,45,-1
44,45,-1
45,45,0
45,45,0
45,45,0
44,45,-1
45,45,0
45,45,0
45,45,0
45,45,0
45,45,0
45,45,0
45,45,0
45,45,0
45,45,0
44,45,-1
45,45,0
45,45,0
45,45,0
45,45,0
44,45,-1
44,45,-1
45,45,0
45,45,0
45,45,0
45,45,0
45,45,0
45,45,0
45,45,0
45,45,0
45,45,0
45,45,0
45,45,0
45,45,0
45,45,0
45,45,0
45,45,0
45,45,0
45,45,0
45,45,0
45,45,0
45,45,0
45,45,0
45,45,0
45,45,0
45,45,0
45,45,0
45,45,0
45,45,0
45,45,0
45,45,0
45,45,0
45,45,0
45,45,0
45,45,0
45,45,0
45,45,0
45,45,0
45,45,0
45,45,0
45,45,0
45,45,0
45,45,0
45,45,0
45,45,0
45,45,0
45,45,0
45,45,0
45,45,0
45,45,0
45,45,0
45,45,0
45,45,0
45,45,0
45,45,0
45,45,0
45,45,0
45,45,0
45,45,0
45,45,0
45,45,0
45,45,0
45,45,0
45,45,0
45,45,0
45,45,0
45,45,0
45,45,0
45,45,0
45,45,0
45,45,0
45,45,0
45,45,0
45,45,0
45,45,0
45,45,0
45,45,0
45,45,0
45,45,0
45,45,0
45,45,0
45,45,0
45,45,0
45,45,0
45,45,0
45,45,0
45,45,0
45,45,0
45,45,0
45,45,0
45,45,0
45,45,0
45,45,0
45,45,0
45,45,0
45,45,0
45,45,0
45,45,0
45,45,0
45,45,0
45,45,0
45,45,0
45,45,0
45,45,0
45,45,0
45,45,0
45,45,0
45,45,0
45,45,0
45,45,0
45,45,0
45,45,0
45,45,0
45,45,0
45,45,0
45,45,0
45,45,0
45,45,0
45,45,0
45,45,0
45,45,0
45,45,0
45,45,0
46,45,1
45,45,0
45,45,0
45,45,0
45,45,0
45,45,0
45,45,0
45,45,0
45,45,0
45,45,0
45,45,0
45,45,0
44,45,-1
44,45,-1
45,45,0
45,45,0
45,45,0
45,45,0
45,45,0
45,45,0
45,45,0
45,45,0
45,45,0
45,45,0
45,45,0
45,45,0
46,45,1
45,45,0
45,45,0
45,45,0
45,45,0
45,45,0
45,45,0
45,45,0
45,45,0
45,45,0
45,45,0
45,45,0
45,45,0
45,45,0
45,45,0
45,45,0
45,45,0
45,45,0
45,45,0
45,45,0
45,45,0
45,45,0
45,45,0
45,45,0
45,45,0
45,45,0
45,45,0
45,45,0
45,45,0
45,45,0
44,45,-1
44,45,-1
45,45,0
45,45,0
45,45,0
45,45,0
44,45,-1
44,45,-1
44,45,-1
45,45,0
45,45,0
45,45,0
45,45,0
45,45,0
44,44,0
44,44,0
44,45,-1
44,45,-1
45,45,0
45,45,0
45,45,0
44,45,-1
44,45,-1
44,44,0
45,44,1
45,45,0
45,45,0
45,45,0
45,45,0
45,45,0
44,44,0
43,44,-1
43,44,-1
43,44,-1
45,44,1
45,44,1
45,44,1
44,44,0
43,44,-1
43,44,-1
44,43,1
44,44,0
44,44,0
44,44,0
44,44,0
43,44,-1
42,44,-2
42,44,-2
43,44,-1
43,44,-1
44,44,0
44,44,0
44,44,0
44,44,0
44,44,0
44,44,0
44,44,0
44,44,0
44,44,0
44,44,0
44,44,0
43,44,-1
43,44,-1
43,44,-1
44,44,0
44,44,0
44,44,0
44,44,0
44,44,0
44,44,0
43,44,-1
43,44,-1
44,44,0
44,44,0
44,44,0
44,44,0
44,44,0
44,44,0
45,44,1
45,44,1
44,44,0
44,44,0
44,44,0
44,44,0
45,44,1
45,44,1
45,45,0
44,45,-1
44,45,-1
45,44,1
45,44,1
44,45,-1
44,45,-1
45,45,0
45,45,0
45,45,0
45,45,0
44,45,-1
44,45,-1
44,45,-1
45,45,0
45,45,0
45,45,0
45,45,0
45,45,0
45,45,0
45,45,0
45,45,0
45,45,0
45,45,0
45,45,0
45,45,0
45,45,0
45,45,0
45,45,0
45,45,0
45,45,0
45,45,0
45,45,0
45,45,0
45,45,0
45,45,0
45,45,0
45,45,0
45,45,0
45,45,0
44,45,-1
44,45,-1
44,45,-1
45,45,0
45,45,0
45,45,0
45,45,0
45,45,0
45,45,0
45,45,0
45,45,0
45,45,0
45,45,0
45,45,0
45,45,0
45,45,0
45,45,0
45,45,0
45,45,0
45,45,0
45,45,0
45,45,0
44,45,-1
45,45,0
45,45,0
45,45,0
45,45,0
45,45,0
45,45,0
45,45,0
45,45,0
45,45,0
45,45,0
45,45,0
45,45,0
45,45,0
45,45,0
45,45,0
45,45,0
45,45,0
45,45,0
45,45,0
45,45,0
45,45,0
45,45,0
45,45,0
45,45,0
45,45,0
45,45,0
45,45,0
45,45,0
45,45,0
45,45,0
45,45,0
45,45,0
45,45,0
45,45,0
45,45,0
45,45,0
45,45,0
45,45,0
45,45,0
45,45,0
45,45,0
45,45,0
45,45,0
45,45,0
45,45,0
45,45,0
45,45,0
45,45,0
45,45,0
45,45,0
45,45,0
45,45,0
44,45,-1
44,45,-1
44,45,-1
45,45,0
45,45,0
45,45,0
45,45,0
45,45,0
45,45,0
45,45,0
45,45,0
45,45,0
45,45,0
45,45,0
45,45,0
45,45,0
45,45,0
45,45,0
45,45,0
45,45,0
45,45,0
45,45,0
45,45,0
45,45,0
44,45,-1
44,45,-1
44,45,-1
44,45,-1
44,45,-1
45,44,1
45,44,1
45,44,1
44,44,0
43,44,-1
43,44,-1
44,44,0
45,44,1
45,44,1
44,44,0
43,44,-1
43,44,-1
44,44,0
44,44,0
44,44,0
44,44,0
45,44,1
45,44,1
44,44,0
43,44,-1
43,44,-1
43,44,-1
44,44,0
44,44,0
44,44,0
43,44,-1
43,43,0
43,43,0
43,43,0
44,44,0
44,44,0
45,44,1
44,43,1
43,43,0
43,43,0
43,43,0
44,44,0
44,44,0
44,44,0
43,44,-1
43,44,-1
43,44,-1
43,44,-1
44,44,0
44,44,0
44,44,0
44,44,0
44,44,0
44,44,0
44,44,0
44,44,0
44,44,0
44,44,0
44,44,0
44,44,0
44,44,0
44,44,0
44,44,0
44,44,0
43,44,-1
43,44,-1
43,44,-1
44,44,0
44,44,0
44,44,0
44,44,0
44,44,0
43,44,-1
43,44,-1
44,44,0
44,44,0
44,44,0
44,44,0
43,44,-1
44,44,0
44,44,0
44,44,0
43,44,-1
43,44,-1
43,44,-1
44,44,0
44,44,0
44,44,0
43,44,-1
44,44,0
44,44,0
44,44,0
44,44,0
44,44,0
44,44,0
44,44,0
44,44,0
44,44,0
44,44,0
44,44,0
44,44,0
43,44,-1
43,44,-1
43,44,-1
43,44,-1
43,44,-1
43,44,-1
43,44,-1
43,44,-1
44,43,1
45,43,2
45,43,2
44,44,0
44,44,0
44,44,0
44,44,0
44,44,0
43,44,-1
43,44,-1
43,44,-1
44,44,0
45,44,1
45,44,1
44,44,0
43,44,-1
42,44,-2
43,44,-1
44,44,0
44,44,0
45,44,1
44,44,0
44,44,0
44,44,0
44,44,0
44,44,0
44,44,0
44,44,0
44,44,0
44,44,0
44,44,0
44,44,0
44,44,0
44,44,0
44,44,0
44,44,0
44,44,0
44,44,0
44,44,0
44,44,0
44,44,0
44,44,0
44,44,0
44,44,0
44,44,0
44,44,0
44,44,0
44,44,0
44,44,0
44,44,0
44,44,0
44,44,0
44,44,0
45,44,1
45,44,1
44,44,0
42,44,-2
42,44,-2
43,44,-1
44,44,0
44,44,0
44,44,0
44,44,0
44,44,0
44,44,0
44,44,0
44,44,0
44,44,0
44,44,0
44,44,0
44,44,0
44,44,0
44,44,0
44,44,0
44,44,0
44,44,0
44,44,0
44,44,0
44,44,0
43,44,-1
43,44,-1
43,44,-1
43,44,-1
44,44,0
44,44,0
44,43,1
43,43,0
43,43,0
43,43,0
44,43,1
44,43,1
44,43,1
43,43,0
42,43,-1
42,43,-1
43,43,0
43,43,0
43,43,0
43,43,0
43,43,0
43,43,0
43,43,0
43,43,0
43,43,0
43,43,0
43,43,0
43,43,0
42,43,-1
42,43,-1
41,42,-1
42,42,0
42,42,0
43,42,1
43,42,1
42,42,0
42,42,0
42,42,0
42,42,0
42,42,0
43,42,1
43,43,0
43,43,0
44,43,1
44,43,1
43,43,0
42,43,-1
42,43,-1
42,43,-1
43,43,0
43,43,0
43,43,0
43,43,0
42,43,-1
42,43,-1
43,43,0
44,43,1
45,43,2
44,43,1
43,43,0
42,43,-1
41,43,-2
42,43,-1
42,43,-1
43,43,0
43,43,0
43,43,0
43,43,0
42,42,0
42,42,0
43,43,0
44,43,1
44,43,1
43,43,0
42,43,-1
41,43,-2
41,43,-2
42,42,0
43,42,1
44,42,2
43,42,1
43,42,1
43,42,1
42,42,0
42,42,0
41,42,-1
42,42,0
42,42,0
42,42,0
41,42,-1
40,42,-2
41,42,-1
42,42,0
43,43,0
43,43,0
43,43,0
43,43,0
43,43,0
43,43,0
43,43,0
43,43,0
43,43,0
43,43,0
43,43,0
42,43,-1
42,43,-1
42,43,-1
44,43,1
44,43,1
43,43,0
43,43,0
42,43,-1
43,43,0
43,42,1
42,42,0
42,43,-1
42,43,-1
43,43,0
44,43,1
43,43,0
42,43,-1
41,43,-2
41,43,-2
42,42,0
44,42,2
44,43,1
44,43,1
43,43,0
43,43,0
42,43,-1
43,43,0
42,43,-1
42,43,-1
42,43,-1
43,43,0
43,43,0
43,43,0
43,43,0
43,43,0
43,43,0
43,43,0
44,43,1
43,43,0
42,43,-1
42,43,-1
42,43,-1
43,43,0
43,43,0
42,43,-1
43,43,0
43,43,0
44,43,1
43,43,0
42,43,-1
40,43,-3
40,43,-3
42,43,-1
44,43,1
45,43,2
45,43,2
44,43,1
43,43,0
42,43,-1
42,43,-1
42,43,-1
43,43,0
43,43,0
43,43,0
43,43,0
44,43,1
44,43,1
44,43,1
43,43,0
42,43,-1
43,43,0
44,43,1
44,43,1
44,43,1
43,43,0
42,43,-1
42,43,-1
42,43,-1
42,43,-1
42,43,-1
43,43,0
44,43,1
44,43,1
44,43,1
43,43,0
44,43,1
44,43,1
44,43,1
43,43,0
42,43,-1
42,43,-1
42,43,-1
43,43,0
42,43,-1
43,43,0
43,43,0
44,43,1
44,43,1
44,43,1
43,43,0
43,43,0
43,43,0
43,43,0
43,43,0
43,43,0
43,43,0
43,43,0
43,43,0
43,43,0
43,43,0
43,43,0
43,43,0
43,43,0
44,43,1
44,43,1
44,43,1
44,43,1
43,43,0
42,43,-1
43,43,0
43,43,0
44,43,1
43,43,0
43,43,0
43,43,0
43,43,0
43,43,0
42,43,-1
42,43,-1
42,43,-1
43,43,0
43,43,0
44,43,1
44,43,1
43,43,0
43,43,0
43,43,0
43,43,0
44,43,1
44,43,1
44,43,1
43,43,0
43,43,0
42,43,-1
42,43,-1
42,43,-1
42,43,-1
43,43,0
44,43,1
45,43,2
44,43,1
43,43,0
42,43,-1
43,43,0
44,43,1
44,43,1
43,43,0
42,43,-1
42,43,-1
42,43,-1
43,43,0
44,43,1
43,43,0
43,43,0
43,43,0
43,43,0
43,43,0
42,43,-1
42,43,-1
43,43,0
45,43,2
45,43,2
44,43,1
43,43,0
42,43,-1
43,43,0
44,43,1
44,43,1
44,43,1
43,44,-1
43,44,-1
44,44,0
44,44,0
43,44,-1
42,44,-2
42,44,-2
43,44,-1
44,44,0
44,44,0
44,44,0
44,44,0
44,44,0
44,44,0
44,44,0
44,44,0
44,44,0
44,44,0
45,44,1
44,44,0
44,44,0
43,44,-1
43,44,-1
43,44,-1
44,44,0
44,44,0
44,44,0
44,44,0
44,43,1
43,43,0
43,43,0
43,43,0
44,43,1
43,43,0
43,43,0
43,43,0
44,43,1
43,43,0
42,43,-1
42,43,-1
42,43,-1
43,43,0
44,43,1
44,43,1
43,43,0
43,43,0
44,43,1
44,43,1
44,43,1
43,44,-1
43,44,-1
43,44,-1
44,44,0
45,44,1
44,44,0
43,44,-1
43,43,0
44,43,1
45,43,2
45,43,2
44,43,1
43,44,-1
43,44,-1
42,44,-2
42,44,-2
43,44,-1
43,44,-1
44,43,1
44,43,1
43,43,0
44,43,1
44,43,1
44,43,1
44,43,1
43,43,0
42,44,-2
43,44,-1
44,44,0
44,44,0
44,44,0
43,43,0
43,43,0
43,43,0
43,43,0
44,43,1
44,43,1
44,43,1
43,43,0
42,43,-1
42,43,-1
43,43,0
43,43,0
43,44,-1
44,44,0
45,43,2
45,43,2
45,43,2
44,43,1
43,43,0
43,43,0
44,43,1
44,43,1
43,44,-1
43,43,0
43,43,0
43,43,0
43,43,0
43,43,0
43,43,0
44,43,1
44,43,1
44,43,1
43,43,0
42,43,-1
42,43,-1
43,43,0
44,43,1
44,43,1
43,43,0
43,43,0
43,43,0
43,43,0
43,43,0
42,43,-1
42,43,-1
43,43,0
44,43,1
44,43,1
43,43,0
43,43,0
43,43,0
43,43,0
43,43,0
44,43,1
43,43,0
43,43,0
43,43,0
42,43,-1
43,43,0
43,43,0
44,43,1
43,43,0
42,43,-1
41,43,-2
41,43,-2
41,42,-1
42,42,0
42,43,-1
43,43,0
44,43,1
44,43,1
43,43,0
42,43,-1
42,43,-1
42,43,-1
43,43,0
44,43,1
44,43,1
43,43,0
43,43,0
43,43,0
43,43,0
43,43,0
43,43,0
42,43,-1
42,43,-1
41,43,-2
41,43,-2
41,43,-2
42,43,-1
44,43,1
44,43,1
43,43,0
42,43,-1
41,43,-2
42,43,-1
43,43,0
44,43,1
44,43,1
43,43,0
43,43,0
43,43,0
43,43,0
42,43,-1
42,43,-1
42,43,-1
43,43,0
43,43,0
43,43,0
42,43,-1
41,43,-2
41,43,-2
42,42,0
43,42,1
43,42,1
43,42,1
42,42,0
42,42,0
43,42,1
43,42,1
43,42,1
42,42,0
42,42,0
42,42,0
42,42,0
43,42,1
42,42,0
42,43,-1
42,43,-1
42,43,-1
42,43,-1
43,43,0
43,43,0
43,43,0
43,43,0
43,43,0
43,43,0
43,43,0
43,43,0
44,43,1
44,43,1
44,43,1
44,43,1
43,43,0
42,43,-1
42,43,-1
43,43,0
43,43,0
43,43,0
43,43,0
43,43,0
42,43,-1
42,43,-1
43,42,1
43,43,0
43,43,0
43,43,0
42,43,-1
42,43,-1
42,43,-1
42,43,-1
42,43,-1
42,43,-1
43,43,0
43,43,0
44,43,1
43,43,0
43,43,0
43,43,0
42,43,-1
43,43,0
43,43,0
43,43,0
44,43,1
43,43,0
42,43,-1
42,43,-1
42,43,-1
43,43,0
43,43,0
42,43,-1
42,43,-1
42,43,-1
43,43,0
43,43,0
43,43,0
43,43,0
43,43,0
43,43,0
43,43,0
44,43,1
43,43,0
43,43,0
42,43,-1
42,43,-1
42,43,-1
43,43,0
43,43,0
43,43,0
43,43,0
42,42,0
43,42,1
43,42,1
42,42,0
42,42,0
41,42,-1
41,42,-1
42,42,0
43,42,1
42,42,0
41,42,-1
41,42,-1
41,42,-1
42,42,0
42,42,0
42,42,0
42,42,0
42,42,0
42,42,0
42,42,0
42,42,0
42,42,0
42,42,0
42,42,0
42,42,0
42,42,0
43,42,1
43,42,1
42,42,0
41,42,-1
41,42,-1
42,42,0
43,42,1
44,42,2
42,42,0
41,42,-1
41,42,-1
41,42,-1
42,42,0
42,42,0
42,42,0
42,42,0
42,42,0
41,42,-1
41,42,-1
41,42,-1
41,42,-1
42,42,0
42,42,0
42,42,0
42,42,0
42,42,0
43,42,1
43,42,1
42,42,0
42,42,0
42,42,0
42,42,0
42,42,0
42,42,0
42,42,0
41,42,-1
41,42,-1
41,42,-1
42,42,0
42,42,0
42,41,1
41,41,0
40,41,-1
40,41,-1
41,41,0
42,41,1
42,41,1
41,41,0
40,41,-1
40,41,-1
41,41,0
42,41,1
42,42,0
42,42,0
41,42,-1
41,41,0
41,41,0
42,42,0
42,42,0
42,42,0
42,42,0
42,42,0
41,42,-1
41,42,-1
41,42,-1
42,42,0
43,42,1
43,42,1
43,42,1
42,42,0
42,42,0
42,42,0
42,42,0
43,42,1
43,42,1
43,42,1
42,42,0
41,42,-1
41,42,-1
41,42,-1
42,42,0
42,42,0
42,42,0
42,42,0
41,42,-1
41,42,-1
41,42,-1
42,42,0
43,42,1
44,42,2
44,42,2
43,42,1
42,42,0
41,42,-1
42,42,0
43,43,0
43,43,0
42,43,-1
41,43,-2
41,43,-2
41,43,-2
43,42,1
43,42,1
44,43,1
44,43,1
44,43,1
43,43,0
43,43,0
42,43,-1
42,43,-1
42,43,-1
42,43,-1
43,43,0
43,43,0
43,43,0
43,43,0
43,43,0
43,43,0
43,43,0
43,43,0
43,43,0
43,43,0
43,43,0
43,43,0
43,43,0
43,43,0
43,43,0
43,43,0
43,43,0
43,43,0
43,43,0
43,43,0
44,43,1
44,43,1
44,43,1
43,43,0
42,43,-1
42,43,-1
43,43,0
44,43,1
44,43,1
44,43,1
42,43,-1
42,43,-1
42,43,-1
43,43,0
43,43,0
43,43,0
43,43,0
43,43,0
43,43,0
43,43,0
43,43,0
43,43,0
43,43,0
44,43,1
44,43,1
44,43,1
43,43,0
42,43,-1
42,43,-1
42,43,-1
43,43,0
44,43,1
44,43,1
43,43,0
42,43,-1
42,43,-1
42,43,-1
43,43,0
43,43,0
43,43,0
43,43,0
43,43,0
42,43,-1
42,43,-1
42,43,-1
43,43,0
43,43,0
43,43,0
44,43,1
44,43,1
44,43,1
44,43,1
43,43,0
43,43,0
43,43,0
44,43,1
44,43,1
43,43,0
43,43,0
43,43,0
44,43,1
44,43,1
43,43,0
42,43,-1
42,43,-1
42,43,-1
43,43,0
43,43,0
42,43,-1
42,43,-1
42,43,-1
43,43,0
43,43,0
43,43,0
43,43,0
43,43,0
44,43,1
44,43,1
43,43,0
42,43,-1
42,43,-1
43,43,0
44,43,1
44,43,1
43,43,0
41,42,-1
41,42,-1
41,42,-1
43,41,2
43,41,2
42,41,1
41,41,0
41,41,0
41,41,0
40,41,-1
39,41,-2
39,40,-1
39,40,-1
40,40,0
41,40,1
41,40,1
40,40,0
39,40,-1
39,40,-1
40,40,0
40,40,0
40,41,-1
41,41,0
42,41,1
42,41,1
41,41,0
40,41,-1
41,41,0
42,41,1
43,41,2
43,41,2
42,42,0
42,42,0
41,42,-1
41,41,0
41,41,0
41,42,-1
41,42,-1
42,42,0
43,42,1
43,42,1
42,42,0
41,42,-1
41,42,-1
41,43,-2
42,43,-1
43,43,0
43,43,0
43,43,0
43,43,0
43,43,0
43,43,0
43,43,0
43,43,0
42,43,-1
42,43,-1
42,43,-1
42,42,0
43,42,1
43,42,1
43,42,1
42,42,0
42,42,0
42,42,0
42,42,0
42,42,0
41,42,-1
41,42,-1
42,42,0
42,42,0
42,42,0
42,42,0
43,42,1
43,42,1
43,42,1
43,42,1
42,42,0
41,42,-1
41,42,-1
41,42,-1
42,43,-1
43,43,0
44,42,2
44,42,2
43,42,1
42,42,0
42,42,0
42,42,0
43,43,0
43,43,0
42,43,-1
41,43,-2
41,43,-2
42,43,-1
43,42,1
43,42,1
43,42,1
43,42,1
43,42,1
43,42,1
43,42,1
42,42,0
42,42,0
41,42,-1
41,42,-1
41,42,-1
41,42,-1
41,42,-1
41,42,-1
42,42,0
42,42,0
42,42,0
42,42,0
42,42,0
42,42,0
42,42,0
43,42,1
43,42,1
42,42,0
41,42,-1
41,42,-1
40,42,-2
41,42,-1
42,42,0
42,42,0
42,42,0
42,42,0
43,42,1
43,42,1
42,42,0
42,42,0
41,42,-1
42,42,0
43,42,1
43,42,1
42,42,0
41,42,-1
41,42,-1
42,42,0
42,42,0
43,42,1
43,42,1
43,42,1
43,42,1
42,42,0
42,42,0
42,42,0
43,42,1
43,42,1
43,43,0
42,42,0
41,42,-1
41,42,-1
42,42,0
42,42,0
42,42,0
43,42,1
43,42,1
43,42,1
42,42,0
42,42,0
41,42,-1
42,42,0
42,42,0
43,42,1
43,43,0
43,43,0
42,43,-1
42,43,-1
42,43,-1
42,43,-1
43,43,0
44,43,1
43,43,0
43,43,0
43,43,0
43,42,1
43,42,1
43,42,1
43,42,1
42,42,0
42,42,0
42,42,0
42,42,0
42,42,0
42,42,0
42,42,0
42,42,0
41,42,-1
42,42,0
42,42,0
42,42,0
43,42,1
43,42,1
43,42,1
42,42,0
42,42,0
42,42,0
42,42,0
42,42,0
43,42,1
43,43,0
43,42,1
42,42,0
42,42,0
42,42,0
42,42,0
43,42,1
43,43,0
43,43,0
43,43,0
42,43,-1
42,43,-1
41,43,-2
42,43,-1
43,43,0
44,43,1
44,43,1
43,43,0
43,43,0
43,43,0
43,43,0
43,43,0
43,43,0
43,43,0
43,43,0
42,43,-1
41,43,-2
41,43,-2
41,42,-1
42,42,0
43,42,1
43,42,1
43,42,1
42,42,0
41,42,-1
40,42,-2
40,42,-2
40,42,-2
42,42,0
42,42,0
43,42,1
42,42,0
42,42,0
42,42,0
43,42,1
43,42,1
42,42,0
42,42,0
43,42,1
43,42,1
42,42,0
42,42,0
42,42,0
43,42,1
43,42,1
42,42,0
42,42,0
42,42,0
42,42,0
43,42,1
42,42,0
41,43,-2
41,43,-2
42,42,0
43,42,1
43,42,1
43,43,0
43,43,0
43,43,0
43,43,0
43,43,0
42,43,-1
42,43,-1
42,43,-1
43,43,0
43,43,0
43,42,1
42,42,0
41,42,-1
41,42,-1
42,42,0
43,42,1
43,42,1
42,42,0
41,42,-1
41,42,-1
41,42,-1
41,42,-1
41,42,-1
41,42,-1
42,42,0
43,42,1
44,42,2
43,42,1
42,42,0
41,42,-1
42,42,0
42,42,0
43,42,1
42,42,0
42,42,0
42,42,0
42,42,0
42,42,0
42,42,0
42,42,0
41,42,-1
41,42,-1
41,42,-1
41,42,-1
41,42,-1
41,42,-1
42,42,0
42,42,0
42,42,0
42,42,0
42,42,0
43,42,1
43,42,1
43,42,1
44,42,2
43,42,1
43,42,1
41,42,-1
41,43,-2
41,43,-2
42,43,-1
43,43,0
43,43,0
42,43,-1
41,42,-1
42,42,0
43,42,1
43,42,1
43,42,1
43,43,0
43,43,0
42,42,0
42,42,0
42,43,-1
42,43,-1
42,43,-1
43,43,0
43,43,0
43,42,1
42,42,0
42,42,0
43,43,0
44,43,1
44,43,1
43,43,0
42,43,-1
42,43,-1
42,43,-1
43,43,0
43,43,0
43,43,0
43,43,0
43,43,0
43,43,0
43,43,0
43,43,0
43,43,0
43,43,0
43,43,0
43,43,0
43,43,0
43,43,0
43,43,0
43,43,0
43,43,0
43,43,0
43,43,0
43,43,0
43,43,0
43,43,0
42,43,-1
42,43,-1
42,43,-1
43,43,0
43,43,0
43,43,0
43,43,0
43,43,0
42,43,-1
42,43,-1
42,43,-1
42,43,-1
43,43,0
43,43,0
43,43,0
43,43,0
43,43,0
43,43,0
42,43,-1
42,43,-1
42,43,-1
43,43,0
43,43,0
43,43,0
43,43,0
43,43,0
43,43,0
43,43,0
43,43,0
43,43,0
44,43,1
44,43,1
44,44,0
44,44,0
44,44,0
44,44,0
44,44,0
44,44,0
43,44,-1
43,44,-1
44,44,0
44,43,1
44,43,1
43,43,0
42,43,-1
42,43,-1
43,43,0
43,43,0
43,43,0
43,43,0
43,43,0
43,43,0
43,43,0
42,43,-1
42,43,-1
44,43,1
44,43,1
44,43,1
43,44,-1
43,44,-1
43,44,-1
44,44,0
44,44,0
44,44,0
44,44,0
44,44,0
44,44,0
44,44,0
43,44,-1
44,44,0
44,44,0
44,44,0
44,43,1
43,43,0
43,43,0
42,43,-1
42,43,-1
42,43,-1
42,43,-1
43,43,0
43,43,0
43,43,0
42,43,-1
43,43,0
44,44,0
44,44,0
44,44,0
44,44,0
44,44,0
45,44,1
45,44,1
44,44,0
44,44,0
44,44,0
45,44,1
45,44,1
43,44,-1
43,44,-1
45,44,1
47,43,4
44,43,1
35,35,0
23,23,0
14,16,-2
12,16,-4
14,16,-2
16,15,1
16,15,1
14,15,-1
14,15,-1
15,15,0
16,15,1
15,15,0
15,15,0
14,15,-1
15,15,0
15,15,0
15,15,0
15,15,0
14,15,-1
15,15,0
15,15,0
15,15,0
15,15,0
14,15,-1
15,15,0
15,15,0
15,15,0
15,15,0
14,15,-1
15,15,0
16,15,1
16,15,1
14,15,-1
13,16,-3
14,16,-2
21,21,0